0.943531569373	2.41947554464
0.951191891254	2.42093049315
0.958852213136	2.42238544166
0.966512535017	2.42384039017
0.974172856898	2.42529533868
0.981833178779	2.42675028719
0.989493500661	2.4282052357
0.997153822542	2.42966018421
1.00481414442	2.43111513272
1.0124744663	2.43257008123
1.02013478819	2.43402502974
1.02779511007	2.43547997825
1.03545543195	2.43693492676
1.04311575383	2.43838987527
1.05077607571	2.43984482378
1.05843639759	2.44129977229
1.06609671947	2.44275472079
1.07375704135	2.4442096693
1.08141736324	2.44566461781
1.08907768512	2.44711956632
1.096738007	2.44857451483
1.10439832888	2.45002946334
1.11205865076	2.45148441185
1.11971897264	2.45293936036
1.12737929452	2.45439430887
1.1350396164	2.45584925738
1.14269993829	2.45730420589
1.15036026017	2.4587591544
1.15802058205	2.46021410291
1.16568090393	2.46166905142
1.17334122581	2.46312399993
1.18100154769	2.46457894844
1.18866186957	2.46603389695
1.19632219145	2.46748884546
1.20398251334	2.46894379397
1.21164283522	2.47039874248
1.2193031571	2.47185369099
1.22696347898	2.4733086395
1.23462380086	2.47476358801
1.24228412274	2.47621853652
1.24994444462	2.47767348503
1.25760476651	2.47912843354
1.26526508839	2.48058338205
1.27292541027	2.48203833056
1.28058573215	2.48349327907
1.28824605403	2.48494822758
1.29590637591	2.48640317609
1.30356669779	2.48785812459
1.31122701967	2.4893130731
1.31888734156	2.49076802161
1.32654766344	2.49222297012
1.33420798532	2.49367791863
1.3418683072	2.49513286714
1.34952862908	2.49658781565
1.35718895096	2.49804276416
1.36484927284	2.49949771267
1.37250959472	2.50095266118
1.38016991661	2.50240760969
1.38783023849	2.5038625582
1.39549056037	2.50531750671
1.40315088225	2.50677245522
1.41081120413	2.50822740373
1.41847152601	2.50968235224
1.42613184789	2.51113730075
1.43379216977	2.51259224926
1.44145249166	2.51404719777
1.44911281354	2.51550214628
1.45677313542	2.51695709479
1.4644334573	2.5184120433
1.47209377918	2.51986699181
1.47975410106	2.52132194032
1.48741442294	2.52277688883
1.49507474482	2.52423183734
1.50273506671	2.52568678585
1.51039538859	2.52714173436
1.51805571047	2.52859668287
1.52571603235	2.53005163138
1.53337635423	2.53150657988
1.54103667611	2.53296152839
1.54869699799	2.5344164769
1.55635731987	2.53587142541
1.56401764176	2.53732637392
1.57167796364	2.53878132243
1.57933828552	2.54023627094
1.5869986074	2.54169121945
1.59465892928	2.54314616796
1.60231925116	2.54460111647
1.60997957304	2.54605606498
1.61763989492	2.54751101349
1.62530021681	2.548965962
1.63296053869	2.55042091051
1.64062086057	2.55187585902
1.64828118245	2.55333080753
1.65594150433	2.55478575604
1.66360182621	2.55624070455
1.67126214809	2.55769565306
1.67892246997	2.55915060157
1.68658279186	2.56060555008
1.69424311374	2.56206049859
1.70190343562	2.5635154471
1.7095637575	2.56497039561
1.71722407938	2.56642534412
1.72488440126	2.56788029263
1.73254472314	2.56933524114
1.74020504503	2.57079018965
1.74786536691	2.57224513816
1.75552568879	2.57370008667
1.76318601067	2.57515503518
1.77084633255	2.57660998368
1.77850665443	2.57806493219
1.78616697631	2.5795198807
1.79382729819	2.58097482921
1.80148762008	2.58242977772
1.80914794196	2.58388472623
1.81680826384	2.58533967474
1.82446858572	2.58679462325
1.8321289076	2.58824957176
1.83978922948	2.58970452027
1.84744955136	2.59115946878
1.85510987324	2.59261441729
1.86277019513	2.5940693658
1.87043051701	2.59552431431
1.87809083889	2.59697926282
1.88575116077	2.59843421133
1.89341148265	2.59988915984
1.90107180453	2.60134410835
1.90873212641	2.60279905686
1.91639244829	2.60425400537
1.92405277018	2.60570895388
1.93171309206	2.60716390239
1.93937341394	2.6086188509
1.94703373582	2.61007379941
1.9546940577	2.61152874792
1.96235437958	2.61298369643
1.97001470146	2.61443864494
1.97767502334	2.61589359345
1.98533534523	2.61734854196
1.99299566711	2.61880349047
2.00065598899	2.62025843898
2.00831631087	2.62171338748
2.01597663275	2.62316833599
2.02363695463	2.6246232845
2.03129727651	2.62607823301
2.03895759839	2.62753318152
2.04661792028	2.62898813003
2.05427824216	2.63044307854
2.06193856404	2.63189802705
2.06959888592	2.63335297556
2.0772592078	2.63480792407
2.08491952968	2.63626287258
2.09257985156	2.63771782109
2.10024017344	2.6391727696
2.10790049533	2.64062771811
2.11556081721	2.64208266662
2.12322113909	2.64353761513
2.13088146097	2.64499256364
2.13854178285	2.64644751215
2.14620210473	2.64790246066
2.15386242661	2.64935740917
2.1615227485	2.65081235768
2.16918307038	2.65226730619
2.17684339226	2.6537222547
2.18450371414	2.65517720321
2.19216403602	2.65663215172
2.1998243579	2.65808710023
2.20748467978	2.65954204874
2.21514500166	2.66099699725
2.22280532355	2.66245194576
2.23046564543	2.66390689427
2.23812596731	2.66536184277
2.24578628919	2.66681679128
2.25344661107	2.66827173979
2.26110693295	2.6697266883
2.26876725483	2.67118163681
2.27642757671	2.67263658532
2.2840878986	2.67409153383
2.29174822048	2.67554648234
2.29940854236	2.67700143085
2.30706886424	2.67845637936
2.31472918612	2.67991132787
2.322389508	2.68136627638
2.33004982988	2.68282122489
2.33771015176	2.6842761734
2.34537047365	2.68573112191
2.35303079553	2.68718607042
2.36069111741	2.68864101893
2.36835143929	2.69009596744
2.37601176117	2.69155091595
2.38367208305	2.69300586446
2.39133240493	2.69446081297
2.39899272681	2.69591576148
2.4066530487	2.69737070999
2.41431337058	2.6988256585
2.42197369246	2.70028060701
2.42963401434	2.70173555552
2.43729433622	2.70319050403
2.4449546581	2.70464545254
2.45261497998	2.70610040105
2.46027530186	2.70755534956
2.46793562375	2.70901029807
2.47559594563	2.71046524657
2.48325626751	2.71192019508
2.49091658939	2.71337514359
2.49857691127	2.7148300921
2.50623723315	2.71628504061
2.51389755503	2.71773998912
2.52155787691	2.71919493763
2.5292181988	2.72064988614
2.53687852068	2.72210483465
2.54453884256	2.72355978316
2.55219916444	2.72501473167
2.55985948632	2.72646968018
2.5675198082	2.72792462869
2.57518013008	2.7293795772
2.58284045196	2.73083452571
2.59050077385	2.73228947422
2.59816109573	2.73374442273
2.60582141761	2.73519937124
2.61348173949	2.73665431975
2.62114206137	2.73810926826
2.62880238325	2.73956421677
2.63646270513	2.74101916528
2.64412302702	2.74247411379
2.6517833489	2.7439290623
2.65944367078	2.74538401081
2.66710399266	2.74683895932
2.67476431454	2.74829390783
2.68242463642	2.74974885634
2.6900849583	2.75120380485
2.69774528018	2.75265875336
2.70540560207	2.75411370187
2.71306592395	2.75556865037
2.72072624583	2.75702359888
2.72838656771	2.75847854739
2.73604688959	2.7599334959
2.74370721147	2.76138844441
2.75136753335	2.76284339292
2.75902785523	2.76429834143
2.76668817712	2.76575328994
2.774348499	2.76720823845
2.78200882088	2.76866318696
2.78966914276	2.77011813547
2.79732946464	2.77157308398
2.80498978652	2.77302803249
2.8126501084	2.774482981
2.82031043028	2.77593792951
2.82797075217	2.77739287802
2.83563107405	2.77884782653
2.84329139593	2.78030277504
2.85095171781	2.78175772355
2.85861203969	2.78321267206
2.86627236157	2.78466762057
2.87393268345	2.78612256908
2.88159300533	2.78757751759
2.88925332722	2.7890324661
2.8969136491	2.79048741461
2.90457397098	2.79194236312
2.91223429286	2.79339731163
2.91989461474	2.79485226014
2.92755493662	2.79630720865
2.9352152585	2.79776215716
2.94287558038	2.79921710566
2.95053590227	2.80067205417
2.95819622415	2.80212700268
2.96585654603	2.80358195119
2.97351686791	2.8050368997
2.98117718979	2.80649184821
2.98883751167	2.80794679672
2.99649783355	2.80940174523
3.00415815543	2.81085669374
3.01181847732	2.81231164225
3.0194787992	2.81376659076
3.02713912108	2.81522153927
3.03479944296	2.81667648778
3.04245976484	2.81813143629
3.05012008672	2.8195863848
3.0577804086	2.82104133331
3.06544073048	2.82249628182
3.07310105237	2.82395123033
3.08076137425	2.82540617884
3.08842169613	2.82686112735
3.09608201801	2.82831607586
3.10374233989	2.82977102437
3.11140266177	2.83122597288
3.11906298365	2.83268092139
3.12672330554	2.8341358699
3.13438362742	2.83559081841
3.1420439493	2.83704576692
3.14970427118	2.83850071543
3.15736459306	2.83995566394
3.16502491494	2.84141061245
3.17268523682	2.84286556096
3.1803455587	2.84432050946
3.18800588059	2.84577545797
3.19566620247	2.84723040648
3.20332652435	2.84868535499
3.21098684623	2.8501403035
3.21864716811	2.85159525201
3.22630748999	2.85305020052
3.23396781187	2.85450514903
3.24162813375	2.85596009754
3.24928845564	2.85741504605
3.25694877752	2.85886999456
3.2646090994	2.86032494307
3.27226942128	2.86177989158
3.27992974316	2.86323484009
3.28759006504	2.8646897886
3.29525038692	2.86614473711
3.3029107088	2.86759968562
3.31057103069	2.86905463413
3.31823135257	2.87050958264
3.32589167445	2.87196453115
3.33355199633	2.87341947966
3.34121231821	2.87487442817
3.34887264009	2.87632937668
3.35653296197	2.87778432519
3.36419328385	2.8792392737
3.37185360574	2.88069422221
3.37951392762	2.88214917072
3.3871742495	2.88360411923
3.39483457138	2.88505906774
3.40249489326	2.88651401625
3.41015521514	2.88796896476
3.41781553702	2.88942391326
3.4254758589	2.89087886177
3.43313618079	2.89233381028
3.44079650267	2.89378875879
3.44845682455	2.8952437073
3.45611714643	2.89669865581
3.46377746831	2.89815360432
3.47143779019	2.89960855283
3.47909811207	2.90106350134
3.48675843395	2.90251844985
3.49441875584	2.90397339836
3.50207907772	2.90542834687
3.5097393996	2.90688329538
3.51739972148	2.90833824389
3.52506004336	2.9097931924
3.53272036524	2.91124814091
3.54038068712	2.91270308942
3.54804100901	2.91415803793
3.55570133089	2.91561298644
3.56336165277	2.91706793495
3.57102197465	2.91852288346
3.57868229653	2.91997783197
3.58634261841	2.92143278048
3.59400294029	2.92288772899
3.60166326217	2.9243426775
3.60932358406	2.92579762601
3.61698390594	2.92725257452
3.62464422782	2.92870752303
3.6323045497	2.93016247154
3.63996487158	2.93161742005
3.64762519346	2.93307236855
3.65528551534	2.93452731706
3.66294583722	2.93598226557
3.67060615911	2.93743721408
3.67826648099	2.93889216259
3.68592680287	2.9403471111
3.69358712475	2.94180205961
3.70124744663	2.94325700812
3.70890776851	2.94471195663
3.71656809039	2.94616690514
3.72422841227	2.94762185365
3.73188873416	2.94907680216
3.73954905604	2.95053175067
3.74720937792	2.95198669918
3.7548696998	2.95344164769
3.76253002168	2.9548965962
3.77019034356	2.95635154471
3.77785066544	2.95780649322
3.78551098732	2.95926144173
3.79317130921	2.96071639024
3.80083163109	2.96217133875
3.80849195297	2.96362628726
3.81615227485	2.96508123577
3.82381259673	2.96653618428
3.83147291861	2.96799113279
3.83913324049	2.9694460813
3.84679356237	2.97090102981
3.85445388426	2.97235597832
3.86211420614	2.97381092683
3.86977452802	2.97526587534
3.8774348499	2.97672082385
3.88509517178	2.97817577235
3.89275549366	2.97963072086
3.90041581554	2.98108566937
3.90807613742	2.98254061788
3.91573645931	2.98399556639
3.92339678119	2.9854505149
3.93105710307	2.98690546341
3.93871742495	2.98836041192
3.94637774683	2.98981536043
3.95403806871	2.99127030894
3.96169839059	2.99272525745
3.96935871247	2.99418020596
3.97701903436	2.99563515447
3.98467935624	2.99709010298
3.99233967812	2.99854505149
4.0	3.0
4.0	3.0
4.01508292667	3.01789604197
4.0301153669	3.03585094836
4.04509791587	3.05386541035
4.06003118704	3.07194012562
4.07491580823	3.09007579932
4.08975241739	3.10827314512
4.10454165802	3.12653288638
4.11928417429	3.1448557574
4.13398060588	3.16324250465
4.14863158249	3.18169388826
4.16323771814	3.2002106834
4.17779960513	3.21879368179
4.19231780787	3.23744369333
4.20679285644	3.25616154767
4.22122524001	3.27494809585
4.2356154001	3.29380421199
4.24996372376	3.31273079495
4.26427053669	3.33172876996
4.27853609632	3.35079909028
4.29276058496	3.36994273875
4.30694410305	3.38916072925
4.32108666254	3.40845410808
4.33518818053	3.42782395521
4.34924847317	3.4472713853
4.36326724996	3.46679754858
4.37724410852	3.48640363141
4.39115305595	3.50616794502
4.405042575	3.52594352479
4.41888813296	3.54580321926
4.43268883198	3.56574838476
4.44644364549	3.58578041286
4.4601514175	3.60590072865
4.47381086299	3.62611078844
4.4874575168	3.64641468603
4.5010538909	3.66676522874
4.51456355864	3.68724663743
4.5281236509	3.70774558298
4.54152939176	3.72841412498
4.55487789265	3.74918031449
4.56816719608	3.77004558775
4.58139527459	3.79101136116
4.59456004397	3.81207902258
4.6076593777	3.83324992205
4.62067271692	3.8545463614
4.63363126037	3.87593155215
4.64651729614	3.89742439939
4.65932860086	3.91902611062
4.67206298416	3.9407378183
4.68471830699	3.96256057042
4.69729250013	3.98449532139
4.70978358261	4.00654292329
4.72226691675	4.02866693122
4.73459271429	4.05093707446
4.74683148176	4.07332109449
4.75898193479	4.09581924542
4.77101774195	4.11844482873
4.78298366822	4.14117391022
4.79485788748	4.16401734856
4.80663988301	4.18697481078
4.81832937712	4.21004580048
4.82992634057	4.23322965645
4.84143100035	4.25652555246
4.85284384566	4.27993249805
4.86416563235	4.30344934033
4.87539738551	4.32707476664
4.88654040065	4.35080730808
4.89758027751	4.37465758175
4.90854666924	4.3986024986
4.91942883459	4.42264998788
4.93022891606	4.44679816903
4.94094926899	4.47104506316
4.95159244817	4.4953886041
4.96216119293	4.51982664994
4.97265841055	4.54435699488
4.98308715826	4.56897738144
4.99345062382	4.59368551264
5.00374135407	4.61848509608
5.01398156275	4.64336321883
5.02416606584	4.66832238759
5.03427034111	4.69338971286
5.04435045164	4.7185074353
5.05438473601	4.74369976022
5.06437652491	4.76896452585
5.07432908593	4.79429961924
5.08424560134	4.81970298141
5.09412914715	4.84517261053
5.10398267414	4.87070656305
5.11380899111	4.89630295232
5.12361075113	4.92195994451
5.13339044129	4.94767575156
5.14315037664	4.97344862078
5.15289269907	4.99927682087
5.16264452131	5.0251479156
5.17235129214	5.05108283977
5.18204626375	5.07706764303
5.19173095358	5.10310046399
5.20139217562	5.12919535891
5.2110580603	5.1553208324
5.22070083842	5.18150356357
5.23035270551	5.20771282239
5.24003171077	5.23392924161
5.24968206019	5.26020533009
5.25933351423	5.28651073069
5.26898886575	5.31284112532
5.2786943439	5.33916302229
5.28836853028	5.36553003926
5.29806324762	5.39190094119
5.30777978114	5.41827328028
5.31752467898	5.44463935331
5.32730551649	5.47099065543
5.33714486874	5.49730776252
5.34702884385	5.52359779999
5.35697825185	5.54984293579
5.36700110046	5.57603370894
5.37711870007	5.6021527034
5.38734137212	5.62818959275
5.39768410269	5.65413111969
5.40816266356	5.67996367574
5.41879349171	5.70567340908
5.42958326891	5.73127512293
5.44048924527	5.75675650473
5.45168752011	5.78201158061
5.46310721174	5.80708889311
5.47476647967	5.83197465833
5.48668362493	5.85665522911
5.49887709895	5.88111707251
5.51136554731	5.9053467208
5.52416272207	5.9293453119
5.53731793361	5.95306383789
5.5507259688	5.97648331596
5.56458724759	5.99965699767
5.57883810212	6.02253415314
5.59350792007	6.0450934057
5.60861595051	6.06732274866
5.62418564602	6.08920678926
5.64024137421	6.110729706
5.65680840379	6.13187528438
5.67391287076	6.15262697
5.69158173238	6.17296793273
5.70984271705	6.1928811357
5.72871655181	6.21235570402
5.74824567051	6.23136352668
5.76845371247	6.24989236187
5.78937094027	6.26792510926
5.81102818057	6.28544479843
5.83345134095	6.30243829716
5.85669309048	6.31887373021
5.88076719842	6.33475010486
5.90570359988	6.35005218166
5.93154014155	6.36476151248
5.95830876592	6.37886435969
5.98608318521	6.39241576277
6.01482112124	6.40526991626
6.04456930284	6.41749146462
6.07534568812	6.42908376167
6.10719840191	6.44002257554
6.14012897815	6.45032091517
6.17414463112	6.45998680254
6.2092443178	6.4690340477
6.24548253841	6.47748831835
6.28267859101	6.48539184512
6.32092686193	6.49273788581
6.36013239242	6.49958937606
6.40026681794	6.50598928776
6.44125163755	6.51198898248
6.48302143083	6.51764100342
6.52547539556	6.52301414187
6.56858457214	6.52813743856
6.61225439383	6.53305849868
6.65653347033	6.53775338211
6.70113080061	6.54239765732
6.74609659306	6.54695634531
6.79133309881	6.55148931966
6.83690948829	6.55593701598
6.88271991501	6.56036212913
6.92878167283	6.56474644611
6.97503274571	6.56911973165
7.02146088447	6.57348268431
7.06806215156	6.57782789105
7.11480593516	6.58218085803
7.16170005385	6.58650392482
7.20872279627	6.59081383908
7.2558621408	6.59511001087
7.30311985775	6.59933878248
7.35040734249	6.60361878818
7.39783339846	6.60784981309
7.44530013602	6.6120959124
7.49281737209	6.61631525476
7.5403462898	6.62053693845
7.58785781803	6.62477165563
7.63529860018	6.62905235282
7.68265287334	6.63337750885
7.72992290254	6.63772248863
7.77700336534	6.64216803404
7.82388286989	6.64670696264
7.87057911136	6.65133346742
7.91695784418	6.65609833417
7.96304286226	6.66099549111
8.00885467565	6.66600078866
8.05435788288	6.67112577472
8.09958911687	6.67634224384
8.14452757419	6.68165283609
8.18920746815	6.68703154934
8.23366291066	6.69247672018
8.2779466815	6.69790695166
8.32202849163	6.70333664067
8.36597093637	6.70873359663
8.40979659046	6.71408330701
8.45341710258	6.71942815271
8.49711520773	6.72460369944
8.54077984564	6.72967206834
8.58441106214	6.73463840586
8.62801053436	6.7395067861
8.67158561991	6.74427739218
8.71515220439	6.74893890218
8.75875566607	6.75349333928
8.80227651893	6.75797356426
8.8457691309	6.76237593267
8.88918085636	6.7667321079
8.93262658899	6.77099162241
8.97599925662	6.77522197866
9.01931950961	6.77940006728
9.0625523465	6.78357175962
9.1057201546	6.78770046405
9.1487322099	6.7918458721
9.19172172383	6.7959469864
9.2346195007	6.8000397619
9.27741959778	6.80412968622
9.32011589857	6.80822231449
9.36270205124	6.81232333804
9.40517145908	6.81643859838
9.44751731926	6.82057405206
9.48973270088	6.82473569615
9.53181065069	6.82892946679
9.57376770272	6.83314268839
9.61561025581	6.83739194034
9.65722757355	6.84172044583
9.69868966672	6.84609451731
9.73997563101	6.85053316416
9.78108177826	6.85504171649
9.82201727737	6.85960481687
9.86277283695	6.8642324023
9.90334590254	6.86892552138
9.94374398355	6.87367690449
9.98395538565	6.87849189647
10.0239696431	6.8833834817
10.063801762	6.88833408427
10.1034461705	6.89336732015
10.1429473596	6.89841908548
10.1822173485	6.90355537846
10.2213542834	6.90869926513
10.2603294491	6.91387644518
10.2991439374	6.91909296988
10.3378335431	6.92429898089
10.3763691775	6.92952891936
10.4147807093	6.93475309196
10.4530906281	6.93995189937
10.4911503097	6.94521202539
10.5294021022	6.95027223416
10.5674101317	6.95538022716
10.6053639706	6.96042419212
10.6432975848	6.96537909477
10.6811365395	6.97029421821
10.7189344424	6.97513424869
10.7566984331	6.97989566335
10.7944319409	6.98458020356
10.8321473253	6.98917672897
10.8698403493	6.99369770799
10.9075156051	6.99814278188
10.945173771	7.00251696668
10.9828141714	7.00682695637
11.0204348126	7.0110810413
11.0580324421	7.01528899863
11.0956026271	7.0194619565
11.1331398538	7.02361223366
11.1706376431	7.02775315679
11.2080886834	7.031898858
11.2454849765	7.03606405554
11.2828001156	7.04019102897
11.3200598268	7.04443417054
11.357245398	7.04873236132
11.394331737	7.05312102472
11.4313190756	7.05760224649
11.4682122715	7.06217469594
11.5049725135	7.06688352588
11.5416099747	7.0717205251
11.5781175401	7.07669550193
11.614482397	7.08184369151
11.6507116997	7.08711978083
11.6867951226	7.09255367359
11.7227198073	7.09817621623
11.7585003793	7.10393929661
11.7941276862	7.10986552767
11.829601295	7.11595321427
11.8649216819	7.1221991627
11.9000885058	7.12864600619
11.9351118873	7.13519094859
11.9699876458	7.14187798376
12.0047192982	7.14869904649
12.0393108643	7.15564528593
12.0737667741	7.16270722631
12.1081186982	7.16984946659
12.1423134064	7.17711680443
12.176387987	7.18446860078
12.2103475153	7.19189453679
12.2441970628	7.19938440668
12.2779416226	7.20692824887
12.3115825385	7.21453937829
12.3451307453	7.22216738245
12.3785877074	7.22982280893
12.4119574726	7.23749784571
12.445243735	7.24518541575
12.4784498002	7.2528792367
12.511578559	7.26057386731
12.5446324677	7.26826474054
12.5776135351	7.27594818358
12.6105233169	7.28362142487
12.6433629164	7.29128258867
12.6761329908	7.2989306777
12.7088337639	7.30656554437
12.7414662827	7.31421589281
12.7740276813	7.32183222548
12.806518074	7.32944036523
12.8389361753	7.33704318104
12.8712803979	7.34464411696
12.903548889	7.35224711499
12.9357513021	7.35984082013
12.9678602032	7.36746362578
12.9999077865	7.37508411108
13.031855798	7.3827290292
13.0637055772	7.39042044777
13.0954762215	7.39811508176
13.1271439756	7.40587415853
13.1587169997	7.41367380499
13.1903339902	7.42142816438
13.2217109417	7.42930433027
13.2529761953	7.43726175102
13.2841377589	7.44527623459
13.3151936485	7.45335113006
13.3461420836	7.46148931393
13.3769814989	7.46969316824
13.4078369264	7.47796498273
13.4384482755	7.48630544562
13.4689475663	7.49471565437
13.499334136	7.50319595668
13.5296895862	7.51168991366
13.5598412265	7.52031640817
13.589880408	7.52901031754
13.6198072228	7.53777031897
13.6496219675	7.54659469897
13.6793251287	7.55548139085
13.7089173692	7.56442801334
13.7383995125	7.57343190971
13.7677725289	7.58249018665
13.7970375207	7.59159975253
13.8261957084	7.60075735443
13.8552484171	7.60995961365
13.8841970641	7.6192030594
13.9130431466	7.62848416036
13.9417882307	7.63779935411
13.9704339412	7.64714507408
13.9989819517	7.65651777426
14.0274339765	7.66591395139
14.0557917625	7.67533016481
14.084057082	7.68476305397
14.1122333204	7.69425866691
14.1403159146	7.70361603167
14.1682795486	7.7131760229
14.1961971187	7.72263897985
14.224030847	7.73210399864
14.2517825878	7.7415683989
14.2794541856	7.75102964977
14.3070474731	7.76048537227
14.3345642691	7.76993334038
14.3620063758	7.77937148096
14.3893755784	7.78879787265
14.4166736424	7.79821074385
14.4439023134	7.8076084699
14.4710633152	7.81698956957
14.4981583494	7.826352701
14.5251890945	7.83569665711
14.5521572047	7.84502036073
14.5790681856	7.85430175401
14.6059153316	7.86358525426
14.6327047278	7.87284560622
14.6594379193	7.88208223966
14.6861164256	7.89129468351
14.7127417398	7.90048256021
14.7393153285	7.90964558012
14.7658486672	7.91875595124
14.7923215123	7.92787307133
14.8187471098	7.93696428344
14.845126784	7.94602969214
14.8714618365	7.9550694528
14.8977535456	7.964083769
14.9240031655	7.97307288993
14.9502119261	7.982037108
14.9763810325	7.99097675657
15.0025116648	7.99989220784
15.0	8.0
15.0050125313	7.99498746867
15.0100250627	7.98997493734
15.015037594	7.98496240602
15.0200501253	7.97994987469
15.0250626566	7.97493734336
15.030075188	7.96992481203
15.0350877193	7.9649122807
15.0401002506	7.95989974937
15.045112782	7.95488721805
15.0501253133	7.94987468672
15.0551378446	7.94486215539
15.0601503759	7.93984962406
15.0651629073	7.93483709273
15.0701754386	7.9298245614
15.0751879699	7.92481203008
15.0802005013	7.91979949875
15.0852130326	7.91478696742
15.0902255639	7.90977443609
15.0952380952	7.90476190476
15.1002506266	7.89974937343
15.1052631579	7.89473684211
15.1102756892	7.88972431078
15.1152882206	7.88471177945
15.1203007519	7.87969924812
15.1253132832	7.87468671679
15.1303258145	7.86967418546
15.1353383459	7.86466165414
15.1403508772	7.85964912281
15.1453634085	7.85463659148
15.1503759398	7.84962406015
15.1553884712	7.84461152882
15.1604010025	7.83959899749
15.1654135338	7.83458646617
15.1704260652	7.82957393484
15.1754385965	7.82456140351
15.1804511278	7.81954887218
15.1854636591	7.81453634085
15.1904761905	7.80952380952
15.1954887218	7.8045112782
15.2005012531	7.79949874687
15.2055137845	7.79448621554
15.2105263158	7.78947368421
15.2155388471	7.78446115288
15.2205513784	7.77944862155
15.2255639098	7.77443609023
15.2305764411	7.7694235589
15.2355889724	7.76441102757
15.2406015038	7.75939849624
15.2456140351	7.75438596491
15.2506265664	7.74937343358
15.2556390977	7.74436090226
15.2606516291	7.73934837093
15.2656641604	7.7343358396
15.2706766917	7.72932330827
15.2756892231	7.72431077694
15.2807017544	7.71929824561
15.2857142857	7.71428571429
15.290726817	7.70927318296
15.2957393484	7.70426065163
15.3007518797	7.6992481203
15.305764411	7.69423558897
15.3107769424	7.68922305764
15.3157894737	7.68421052632
15.320802005	7.67919799499
15.3258145363	7.67418546366
15.3308270677	7.66917293233
15.335839599	7.664160401
15.3408521303	7.65914786967
15.3458646617	7.65413533835
15.350877193	7.64912280702
15.3558897243	7.64411027569
15.3609022556	7.63909774436
15.365914787	7.63408521303
15.3709273183	7.6290726817
15.3759398496	7.62406015038
15.380952381	7.61904761905
15.3859649123	7.61403508772
15.3909774436	7.60902255639
15.3959899749	7.60401002506
15.4010025063	7.59899749373
15.4060150376	7.59398496241
15.4110275689	7.58897243108
15.4160401003	7.58395989975
15.4210526316	7.57894736842
15.4260651629	7.57393483709
15.4310776942	7.56892230576
15.4360902256	7.56390977444
15.4411027569	7.55889724311
15.4461152882	7.55388471178
15.4511278195	7.54887218045
15.4561403509	7.54385964912
15.4611528822	7.53884711779
15.4661654135	7.53383458647
15.4711779449	7.52882205514
15.4761904762	7.52380952381
15.4812030075	7.51879699248
15.4862155388	7.51378446115
15.4912280702	7.50877192982
15.4962406015	7.5037593985
15.5012531328	7.49874686717
15.5062656642	7.49373433584
15.5112781955	7.48872180451
15.5162907268	7.48370927318
15.5213032581	7.47869674185
15.5263157895	7.47368421053
15.5313283208	7.4686716792
15.5363408521	7.46365914787
15.5413533835	7.45864661654
15.5463659148	7.45363408521
15.5513784461	7.44862155388
15.5563909774	7.44360902256
15.5614035088	7.43859649123
15.5664160401	7.4335839599
15.5714285714	7.42857142857
15.5764411028	7.42355889724
15.5814536341	7.41854636591
15.5864661654	7.41353383459
15.5914786967	7.40852130326
15.5964912281	7.40350877193
15.6015037594	7.3984962406
15.6065162907	7.39348370927
15.6115288221	7.38847117794
15.6165413534	7.38345864662
15.6215538847	7.37844611529
15.626566416	7.37343358396
15.6315789474	7.36842105263
15.6365914787	7.3634085213
15.64160401	7.35839598997
15.6466165414	7.35338345865
15.6516290727	7.34837092732
15.656641604	7.34335839599
15.6616541353	7.33834586466
15.6666666667	7.33333333333
15.671679198	7.32832080201
15.6766917293	7.32330827068
15.6817042607	7.31829573935
15.686716792	7.31328320802
15.6917293233	7.30827067669
15.6967418546	7.30325814536
15.701754386	7.29824561404
15.7067669173	7.29323308271
15.7117794486	7.28822055138
15.7167919799	7.28320802005
15.7218045113	7.27819548872
15.7268170426	7.27318295739
15.7318295739	7.26817042607
15.7368421053	7.26315789474
15.7418546366	7.25814536341
15.7468671679	7.25313283208
15.7518796992	7.24812030075
15.7568922306	7.24310776942
15.7619047619	7.2380952381
15.7669172932	7.23308270677
15.7719298246	7.22807017544
15.7769423559	7.22305764411
15.7819548872	7.21804511278
15.7869674185	7.21303258145
15.7919799499	7.20802005013
15.7969924812	7.2030075188
15.8020050125	7.19799498747
15.8070175439	7.19298245614
15.8120300752	7.18796992481
15.8170426065	7.18295739348
15.8220551378	7.17794486216
15.8270676692	7.17293233083
15.8320802005	7.1679197995
15.8370927318	7.16290726817
15.8421052632	7.15789473684
15.8471177945	7.15288220551
15.8521303258	7.14786967419
15.8571428571	7.14285714286
15.8621553885	7.13784461153
15.8671679198	7.1328320802
15.8721804511	7.12781954887
15.8771929825	7.12280701754
15.8822055138	7.11779448622
15.8872180451	7.11278195489
15.8922305764	7.10776942356
15.8972431078	7.10275689223
15.9022556391	7.0977443609
15.9072681704	7.09273182957
15.9122807018	7.08771929825
15.9172932331	7.08270676692
15.9223057644	7.07769423559
15.9273182957	7.07268170426
15.9323308271	7.06766917293
15.9373433584	7.0626566416
15.9423558897	7.05764411028
15.9473684211	7.05263157895
15.9523809524	7.04761904762
15.9573934837	7.04260651629
15.962406015	7.03759398496
15.9674185464	7.03258145363
15.9724310777	7.02756892231
15.977443609	7.02255639098
15.9824561404	7.01754385965
15.9874686717	7.01253132832
15.992481203	7.00751879699
15.9974937343	7.00250626566
16.0025062657	6.99749373434
16.007518797	6.99248120301
16.0125313283	6.98746867168
16.0175438596	6.98245614035
16.022556391	6.97744360902
16.0275689223	6.97243107769
16.0325814536	6.96741854637
16.037593985	6.96240601504
16.0426065163	6.95739348371
16.0476190476	6.95238095238
16.0526315789	6.94736842105
16.0576441103	6.94235588972
16.0626566416	6.9373433584
16.0676691729	6.93233082707
16.0726817043	6.92731829574
16.0776942356	6.92230576441
16.0827067669	6.91729323308
16.0877192982	6.91228070175
16.0927318296	6.90726817043
16.0977443609	6.9022556391
16.1027568922	6.89724310777
16.1077694236	6.89223057644
16.1127819549	6.88721804511
16.1177944862	6.88220551378
16.1228070175	6.87719298246
16.1278195489	6.87218045113
16.1328320802	6.8671679198
16.1378446115	6.86215538847
16.1428571429	6.85714285714
16.1478696742	6.85213032581
16.1528822055	6.84711779449
16.1578947368	6.84210526316
16.1629072682	6.83709273183
16.1679197995	6.8320802005
16.1729323308	6.82706766917
16.1779448622	6.82205513784
16.1829573935	6.81704260652
16.1879699248	6.81203007519
16.1929824561	6.80701754386
16.1979949875	6.80200501253
16.2030075188	6.7969924812
16.2080200501	6.79197994987
16.2130325815	6.78696741855
16.2180451128	6.78195488722
16.2230576441	6.77694235589
16.2280701754	6.77192982456
16.2330827068	6.76691729323
16.2380952381	6.7619047619
16.2431077694	6.75689223058
16.2481203008	6.75187969925
16.2531328321	6.74686716792
16.2581453634	6.74185463659
16.2631578947	6.73684210526
16.2681704261	6.73182957393
16.2731829574	6.72681704261
16.2781954887	6.72180451128
16.2832080201	6.71679197995
16.2882205514	6.71177944862
16.2932330827	6.70676691729
16.298245614	6.70175438596
16.3032581454	6.69674185464
16.3082706767	6.69172932331
16.313283208	6.68671679198
16.3182957393	6.68170426065
16.3233082707	6.67669172932
16.328320802	6.67167919799
16.3333333333	6.66666666667
16.3383458647	6.66165413534
16.343358396	6.65664160401
16.3483709273	6.65162907268
16.3533834586	6.64661654135
16.35839599	6.64160401003
16.3634085213	6.6365914787
16.3684210526	6.63157894737
16.373433584	6.62656641604
16.3784461153	6.62155388471
16.3834586466	6.61654135338
16.3884711779	6.61152882206
16.3934837093	6.60651629073
16.3984962406	6.6015037594
16.4035087719	6.59649122807
16.4085213033	6.59147869674
16.4135338346	6.58646616541
16.4185463659	6.58145363409
16.4235588972	6.57644110276
16.4285714286	6.57142857143
16.4335839599	6.5664160401
16.4385964912	6.56140350877
16.4436090226	6.55639097744
16.4486215539	6.55137844612
16.4536340852	6.54636591479
16.4586466165	6.54135338346
16.4636591479	6.53634085213
16.4686716792	6.5313283208
16.4736842105	6.52631578947
16.4786967419	6.52130325815
16.4837092732	6.51629072682
16.4887218045	6.51127819549
16.4937343358	6.50626566416
16.4987468672	6.50125313283
16.5037593985	6.4962406015
16.5087719298	6.49122807018
16.5137844612	6.48621553885
16.5187969925	6.48120300752
16.5238095238	6.47619047619
16.5288220551	6.47117794486
16.5338345865	6.46616541353
16.5388471178	6.46115288221
16.5438596491	6.45614035088
16.5488721805	6.45112781955
16.5538847118	6.44611528822
16.5588972431	6.44110275689
16.5639097744	6.43609022556
16.5689223058	6.43107769424
16.5739348371	6.42606516291
16.5789473684	6.42105263158
16.5839598997	6.41604010025
16.5889724311	6.41102756892
16.5939849624	6.40601503759
16.5989974937	6.40100250627
16.6040100251	6.39598997494
16.6090225564	6.39097744361
16.6140350877	6.38596491228
16.619047619	6.38095238095
16.6240601504	6.37593984962
16.6290726817	6.3709273183
16.634085213	6.36591478697
16.6390977444	6.36090225564
16.6441102757	6.35588972431
16.649122807	6.35087719298
16.6541353383	6.34586466165
16.6591478697	6.34085213033
16.664160401	6.335839599
16.6691729323	6.33082706767
16.6741854637	6.32581453634
16.679197995	6.32080200501
16.6842105263	6.31578947368
16.6892230576	6.31077694236
16.694235589	6.30576441103
16.6992481203	6.3007518797
16.7042606516	6.29573934837
16.709273183	6.29072681704
16.7142857143	6.28571428571
16.7192982456	6.28070175439
16.7243107769	6.27568922306
16.7293233083	6.27067669173
16.7343358396	6.2656641604
16.7393483709	6.26065162907
16.7443609023	6.25563909774
16.7493734336	6.25062656642
16.7543859649	6.24561403509
16.7593984962	6.24060150376
16.7644110276	6.23558897243
16.7694235589	6.2305764411
16.7744360902	6.22556390977
16.7794486216	6.22055137845
16.7844611529	6.21553884712
16.7894736842	6.21052631579
16.7944862155	6.20551378446
16.7994987469	6.20050125313
16.8045112782	6.1954887218
16.8095238095	6.19047619048
16.8145363409	6.18546365915
16.8195488722	6.18045112782
16.8245614035	6.17543859649
16.8295739348	6.17042606516
16.8345864662	6.16541353383
16.8395989975	6.16040100251
16.8446115288	6.15538847118
16.8496240602	6.15037593985
16.8546365915	6.14536340852
16.8596491228	6.14035087719
16.8646616541	6.13533834586
16.8696741855	6.13032581454
16.8746867168	6.12531328321
16.8796992481	6.12030075188
16.8847117794	6.11528822055
16.8897243108	6.11027568922
16.8947368421	6.10526315789
16.8997493734	6.10025062657
16.9047619048	6.09523809524
16.9097744361	6.09022556391
16.9147869674	6.08521303258
16.9197994987	6.08020050125
16.9248120301	6.07518796992
16.9298245614	6.0701754386
16.9348370927	6.06516290727
16.9398496241	6.06015037594
16.9448621554	6.05513784461
16.9498746867	6.05012531328
16.954887218	6.04511278195
16.9598997494	6.04010025063
16.9649122807	6.0350877193
16.969924812	6.03007518797
16.9749373434	6.02506265664
16.9799498747	6.02005012531
16.984962406	6.01503759398
16.9899749373	6.01002506266
16.9949874687	6.00501253133
17.0	6.0
17.0	6.0
16.9949874687	5.99498746867
16.9899749373	5.98997493734
16.984962406	5.98496240602
16.9799498747	5.97994987469
16.9749373434	5.97493734336
16.969924812	5.96992481203
16.9649122807	5.9649122807
16.9598997494	5.95989974937
16.954887218	5.95488721805
16.9498746867	5.94987468672
16.9448621554	5.94486215539
16.9398496241	5.93984962406
16.9348370927	5.93483709273
16.9298245614	5.9298245614
16.9248120301	5.92481203008
16.9197994987	5.91979949875
16.9147869674	5.91478696742
16.9097744361	5.90977443609
16.9047619048	5.90476190476
16.8997493734	5.89974937343
16.8947368421	5.89473684211
16.8897243108	5.88972431078
16.8847117794	5.88471177945
16.8796992481	5.87969924812
16.8746867168	5.87468671679
16.8696741855	5.86967418546
16.8646616541	5.86466165414
16.8596491228	5.85964912281
16.8546365915	5.85463659148
16.8496240602	5.84962406015
16.8446115288	5.84461152882
16.8395989975	5.83959899749
16.8345864662	5.83458646617
16.8295739348	5.82957393484
16.8245614035	5.82456140351
16.8195488722	5.81954887218
16.8145363409	5.81453634085
16.8095238095	5.80952380952
16.8045112782	5.8045112782
16.7994987469	5.79949874687
16.7944862155	5.79448621554
16.7894736842	5.78947368421
16.7844611529	5.78446115288
16.7794486216	5.77944862155
16.7744360902	5.77443609023
16.7694235589	5.7694235589
16.7644110276	5.76441102757
16.7593984962	5.75939849624
16.7543859649	5.75438596491
16.7493734336	5.74937343358
16.7443609023	5.74436090226
16.7393483709	5.73934837093
16.7343358396	5.7343358396
16.7293233083	5.72932330827
16.7243107769	5.72431077694
16.7192982456	5.71929824561
16.7142857143	5.71428571429
16.709273183	5.70927318296
16.7042606516	5.70426065163
16.6992481203	5.6992481203
16.694235589	5.69423558897
16.6892230576	5.68922305764
16.6842105263	5.68421052632
16.679197995	5.67919799499
16.6741854637	5.67418546366
16.6691729323	5.66917293233
16.664160401	5.664160401
16.6591478697	5.65914786967
16.6541353383	5.65413533835
16.649122807	5.64912280702
16.6441102757	5.64411027569
16.6390977444	5.63909774436
16.634085213	5.63408521303
16.6290726817	5.6290726817
16.6240601504	5.62406015038
16.619047619	5.61904761905
16.6140350877	5.61403508772
16.6090225564	5.60902255639
16.6040100251	5.60401002506
16.5989974937	5.59899749373
16.5939849624	5.59398496241
16.5889724311	5.58897243108
16.5839598997	5.58395989975
16.5789473684	5.57894736842
16.5739348371	5.57393483709
16.5689223058	5.56892230576
16.5639097744	5.56390977444
16.5588972431	5.55889724311
16.5538847118	5.55388471178
16.5488721805	5.54887218045
16.5438596491	5.54385964912
16.5388471178	5.53884711779
16.5338345865	5.53383458647
16.5288220551	5.52882205514
16.5238095238	5.52380952381
16.5187969925	5.51879699248
16.5137844612	5.51378446115
16.5087719298	5.50877192982
16.5037593985	5.5037593985
16.4987468672	5.49874686717
16.4937343358	5.49373433584
16.4887218045	5.48872180451
16.4837092732	5.48370927318
16.4786967419	5.47869674185
16.4736842105	5.47368421053
16.4686716792	5.4686716792
16.4636591479	5.46365914787
16.4586466165	5.45864661654
16.4536340852	5.45363408521
16.4486215539	5.44862155388
16.4436090226	5.44360902256
16.4385964912	5.43859649123
16.4335839599	5.4335839599
16.4285714286	5.42857142857
16.4235588972	5.42355889724
16.4185463659	5.41854636591
16.4135338346	5.41353383459
16.4085213033	5.40852130326
16.4035087719	5.40350877193
16.3984962406	5.3984962406
16.3934837093	5.39348370927
16.3884711779	5.38847117794
16.3834586466	5.38345864662
16.3784461153	5.37844611529
16.373433584	5.37343358396
16.3684210526	5.36842105263
16.3634085213	5.3634085213
16.35839599	5.35839598997
16.3533834586	5.35338345865
16.3483709273	5.34837092732
16.343358396	5.34335839599
16.3383458647	5.33834586466
16.3333333333	5.33333333333
16.328320802	5.32832080201
16.3233082707	5.32330827068
16.3182957393	5.31829573935
16.313283208	5.31328320802
16.3082706767	5.30827067669
16.3032581454	5.30325814536
16.298245614	5.29824561404
16.2932330827	5.29323308271
16.2882205514	5.28822055138
16.2832080201	5.28320802005
16.2781954887	5.27819548872
16.2731829574	5.27318295739
16.2681704261	5.26817042607
16.2631578947	5.26315789474
16.2581453634	5.25814536341
16.2531328321	5.25313283208
16.2481203008	5.24812030075
16.2431077694	5.24310776942
16.2380952381	5.2380952381
16.2330827068	5.23308270677
16.2280701754	5.22807017544
16.2230576441	5.22305764411
16.2180451128	5.21804511278
16.2130325815	5.21303258145
16.2080200501	5.20802005013
16.2030075188	5.2030075188
16.1979949875	5.19799498747
16.1929824561	5.19298245614
16.1879699248	5.18796992481
16.1829573935	5.18295739348
16.1779448622	5.17794486216
16.1729323308	5.17293233083
16.1679197995	5.1679197995
16.1629072682	5.16290726817
16.1578947368	5.15789473684
16.1528822055	5.15288220551
16.1478696742	5.14786967419
16.1428571429	5.14285714286
16.1378446115	5.13784461153
16.1328320802	5.1328320802
16.1278195489	5.12781954887
16.1228070175	5.12280701754
16.1177944862	5.11779448622
16.1127819549	5.11278195489
16.1077694236	5.10776942356
16.1027568922	5.10275689223
16.0977443609	5.0977443609
16.0927318296	5.09273182957
16.0877192982	5.08771929825
16.0827067669	5.08270676692
16.0776942356	5.07769423559
16.0726817043	5.07268170426
16.0676691729	5.06766917293
16.0626566416	5.0626566416
16.0576441103	5.05764411028
16.0526315789	5.05263157895
16.0476190476	5.04761904762
16.0426065163	5.04260651629
16.037593985	5.03759398496
16.0325814536	5.03258145363
16.0275689223	5.02756892231
16.022556391	5.02255639098
16.0175438596	5.01754385965
16.0125313283	5.01253132832
16.007518797	5.00751879699
16.0025062657	5.00250626566
15.9974937343	4.99749373434
15.992481203	4.99248120301
15.9874686717	4.98746867168
15.9824561404	4.98245614035
15.977443609	4.97744360902
15.9724310777	4.97243107769
15.9674185464	4.96741854637
15.962406015	4.96240601504
15.9573934837	4.95739348371
15.9523809524	4.95238095238
15.9473684211	4.94736842105
15.9423558897	4.94235588972
15.9373433584	4.9373433584
15.9323308271	4.93233082707
15.9273182957	4.92731829574
15.9223057644	4.92230576441
15.9172932331	4.91729323308
15.9122807018	4.91228070175
15.9072681704	4.90726817043
15.9022556391	4.9022556391
15.8972431078	4.89724310777
15.8922305764	4.89223057644
15.8872180451	4.88721804511
15.8822055138	4.88220551378
15.8771929825	4.87719298246
15.8721804511	4.87218045113
15.8671679198	4.8671679198
15.8621553885	4.86215538847
15.8571428571	4.85714285714
15.8521303258	4.85213032581
15.8471177945	4.84711779449
15.8421052632	4.84210526316
15.8370927318	4.83709273183
15.8320802005	4.8320802005
15.8270676692	4.82706766917
15.8220551378	4.82205513784
15.8170426065	4.81704260652
15.8120300752	4.81203007519
15.8070175439	4.80701754386
15.8020050125	4.80200501253
15.7969924812	4.7969924812
15.7919799499	4.79197994987
15.7869674185	4.78696741855
15.7819548872	4.78195488722
15.7769423559	4.77694235589
15.7719298246	4.77192982456
15.7669172932	4.76691729323
15.7619047619	4.7619047619
15.7568922306	4.75689223058
15.7518796992	4.75187969925
15.7468671679	4.74686716792
15.7418546366	4.74185463659
15.7368421053	4.73684210526
15.7318295739	4.73182957393
15.7268170426	4.72681704261
15.7218045113	4.72180451128
15.7167919799	4.71679197995
15.7117794486	4.71177944862
15.7067669173	4.70676691729
15.701754386	4.70175438596
15.6967418546	4.69674185464
15.6917293233	4.69172932331
15.686716792	4.68671679198
15.6817042607	4.68170426065
15.6766917293	4.67669172932
15.671679198	4.67167919799
15.6666666667	4.66666666667
15.6616541353	4.66165413534
15.656641604	4.65664160401
15.6516290727	4.65162907268
15.6466165414	4.64661654135
15.64160401	4.64160401003
15.6365914787	4.6365914787
15.6315789474	4.63157894737
15.626566416	4.62656641604
15.6215538847	4.62155388471
15.6165413534	4.61654135338
15.6115288221	4.61152882206
15.6065162907	4.60651629073
15.6015037594	4.6015037594
15.5964912281	4.59649122807
15.5914786967	4.59147869674
15.5864661654	4.58646616541
15.5814536341	4.58145363409
15.5764411028	4.57644110276
15.5714285714	4.57142857143
15.5664160401	4.5664160401
15.5614035088	4.56140350877
15.5563909774	4.55639097744
15.5513784461	4.55137844612
15.5463659148	4.54636591479
15.5413533835	4.54135338346
15.5363408521	4.53634085213
15.5313283208	4.5313283208
15.5263157895	4.52631578947
15.5213032581	4.52130325815
15.5162907268	4.51629072682
15.5112781955	4.51127819549
15.5062656642	4.50626566416
15.5012531328	4.50125313283
15.4962406015	4.4962406015
15.4912280702	4.49122807018
15.4862155388	4.48621553885
15.4812030075	4.48120300752
15.4761904762	4.47619047619
15.4711779449	4.47117794486
15.4661654135	4.46616541353
15.4611528822	4.46115288221
15.4561403509	4.45614035088
15.4511278195	4.45112781955
15.4461152882	4.44611528822
15.4411027569	4.44110275689
15.4360902256	4.43609022556
15.4310776942	4.43107769424
15.4260651629	4.42606516291
15.4210526316	4.42105263158
15.4160401003	4.41604010025
15.4110275689	4.41102756892
15.4060150376	4.40601503759
15.4010025063	4.40100250627
15.3959899749	4.39598997494
15.3909774436	4.39097744361
15.3859649123	4.38596491228
15.380952381	4.38095238095
15.3759398496	4.37593984962
15.3709273183	4.3709273183
15.365914787	4.36591478697
15.3609022556	4.36090225564
15.3558897243	4.35588972431
15.350877193	4.35087719298
15.3458646617	4.34586466165
15.3408521303	4.34085213033
15.335839599	4.335839599
15.3308270677	4.33082706767
15.3258145363	4.32581453634
15.320802005	4.32080200501
15.3157894737	4.31578947368
15.3107769424	4.31077694236
15.305764411	4.30576441103
15.3007518797	4.3007518797
15.2957393484	4.29573934837
15.290726817	4.29072681704
15.2857142857	4.28571428571
15.2807017544	4.28070175439
15.2756892231	4.27568922306
15.2706766917	4.27067669173
15.2656641604	4.2656641604
15.2606516291	4.26065162907
15.2556390977	4.25563909774
15.2506265664	4.25062656642
15.2456140351	4.24561403509
15.2406015038	4.24060150376
15.2355889724	4.23558897243
15.2305764411	4.2305764411
15.2255639098	4.22556390977
15.2205513784	4.22055137845
15.2155388471	4.21553884712
15.2105263158	4.21052631579
15.2055137845	4.20551378446
15.2005012531	4.20050125313
15.1954887218	4.1954887218
15.1904761905	4.19047619048
15.1854636591	4.18546365915
15.1804511278	4.18045112782
15.1754385965	4.17543859649
15.1704260652	4.17042606516
15.1654135338	4.16541353383
15.1604010025	4.16040100251
15.1553884712	4.15538847118
15.1503759398	4.15037593985
15.1453634085	4.14536340852
15.1403508772	4.14035087719
15.1353383459	4.13533834586
15.1303258145	4.13032581454
15.1253132832	4.12531328321
15.1203007519	4.12030075188
15.1152882206	4.11528822055
15.1102756892	4.11027568922
15.1052631579	4.10526315789
15.1002506266	4.10025062657
15.0952380952	4.09523809524
15.0902255639	4.09022556391
15.0852130326	4.08521303258
15.0802005013	4.08020050125
15.0751879699	4.07518796992
15.0701754386	4.0701754386
15.0651629073	4.06516290727
15.0601503759	4.06015037594
15.0551378446	4.05513784461
15.0501253133	4.05012531328
15.045112782	4.04511278195
15.0401002506	4.04010025063
15.0350877193	4.0350877193
15.030075188	4.03007518797
15.0250626566	4.02506265664
15.0200501253	4.02005012531
15.015037594	4.01503759398
15.0100250627	4.01002506266
15.0050125313	4.00501253133
15.0	4.0
15.0	4.0
14.9894134342	3.99087894703
14.9788268684	3.98175789406
14.9682403026	3.97263684109
14.9576537368	3.96351578812
14.947067171	3.95439473516
14.9364806052	3.94527368219
14.9258940394	3.93615262922
14.9153074736	3.92703157625
14.9047209078	3.91791052328
14.894134342	3.90878947031
14.8835477762	3.89966841734
14.8729612104	3.89054736437
14.8623746446	3.8814263114
14.8517880787	3.87230525844
14.8412015129	3.86318420547
14.8306149471	3.8540631525
14.8200283813	3.84494209953
14.8094418155	3.83582104656
14.7988552497	3.82669999359
14.7882686839	3.81757894062
14.7776821181	3.80845788765
14.7670955523	3.79933683468
14.7565089865	3.79021578172
14.7459224207	3.78109472875
14.7353358549	3.77197367578
14.7247492891	3.76285262281
14.7141627233	3.75373156984
14.7035761575	3.74461051687
14.6929895917	3.7354894639
14.6824030259	3.72636841093
14.6718164601	3.71724735796
14.6612298943	3.708126305
14.6506433285	3.69900525203
14.6400567627	3.68988419906
14.6294701969	3.68076314609
14.6188836311	3.67164209312
14.6082970653	3.66252104015
14.5977104995	3.65339998718
14.5871239337	3.64427893421
14.5765373678	3.63515788124
14.565950802	3.62603682828
14.5553642362	3.61691577531
14.5447776704	3.60779472234
14.5341911046	3.59867366937
14.5236045388	3.5895526164
14.513017973	3.58043156343
14.5024314072	3.57131051046
14.4918448414	3.56218945749
14.4812582756	3.55306840452
14.4706717098	3.54394735156
14.460085144	3.53482629859
14.4494985782	3.52570524562
14.4389120124	3.51658419265
14.4283254466	3.50746313968
14.4177388808	3.49834208671
14.407152315	3.48922103374
14.3965657492	3.48009998077
14.3859791834	3.4709789278
14.3753926176	3.46185787484
14.3648060518	3.45273682187
14.354219486	3.4436157689
14.3436329202	3.43449471593
14.3330463544	3.42537366296
14.3224597886	3.41625260999
14.3118732228	3.40713155702
14.301286657	3.39801050405
14.2907000911	3.38888945108
14.2801135253	3.37976839811
14.2695269595	3.37064734515
14.2589403937	3.36152629218
14.2483538279	3.35240523921
14.2377672621	3.34328418624
14.2271806963	3.33416313327
14.2165941305	3.3250420803
14.2060075647	3.31592102733
14.1954209989	3.30679997436
14.1848344331	3.29767892139
14.1742478673	3.28855786843
14.1636613015	3.27943681546
14.1530747357	3.27031576249
14.1424881699	3.26119470952
14.1319016041	3.25207365655
14.1213150383	3.24295260358
14.1107284725	3.23383155061
14.1001419067	3.22471049764
14.0895553409	3.21558944467
14.0789687751	3.20646839171
14.0683822093	3.19734733874
14.0577956435	3.18822628577
14.0472090777	3.1791052328
14.0366225119	3.16998417983
14.0260359461	3.16086312686
14.0154493803	3.15174207389
14.0048628144	3.14262102092
13.9942762486	3.13349996795
13.9836896828	3.12437891499
13.973103117	3.11525786202
13.9625165512	3.10613680905
13.9519299854	3.09701575608
13.9413434196	3.08789470311
13.9307568538	3.07877365014
13.920170288	3.06965259717
13.9095837222	3.0605315442
13.8989971564	3.05141049123
13.8884105906	3.04228943827
13.8778240248	3.0331683853
13.867237459	3.02404733233
13.8566508932	3.01492627936
13.8460643274	3.00580522639
13.8354777616	2.99668417342
13.8248911958	2.98756312045
13.81430463	2.97844206748
13.8037180642	2.96932101451
13.7931314984	2.96019996155
13.7825449326	2.95107890858
13.7719583668	2.94195785561
13.761371801	2.93283680264
13.7507852352	2.92371574967
13.7401986694	2.9145946967
13.7296121035	2.90547364373
13.7190255377	2.89635259076
13.7084389719	2.88723153779
13.6978524061	2.87811048483
13.6872658403	2.86898943186
13.6766792745	2.85986837889
13.6660927087	2.85074732592
13.6555061429	2.84162627295
13.6449195771	2.83250521998
13.6343330113	2.82338416701
13.6237464455	2.81426311404
13.6131598797	2.80514206107
13.6025733139	2.79602100811
13.5919867481	2.78689995514
13.5814001823	2.77777890217
13.5708136165	2.7686578492
13.5602270507	2.75953679623
13.5496404849	2.75041574326
13.5390539191	2.74129469029
13.5284673533	2.73217363732
13.5178807875	2.72305258435
13.5072942217	2.71393153139
13.4967076559	2.70481047842
13.4861210901	2.69568942545
13.4755345243	2.68656837248
13.4649479585	2.67744731951
13.4543613927	2.66832626654
13.4437748268	2.65920521357
13.433188261	2.6500841606
13.4226016952	2.64096310763
13.4120151294	2.63184205467
13.4014285636	2.6227210017
13.3908419978	2.61359994873
13.380255432	2.60447889576
13.3696688662	2.59535784279
13.3590823004	2.58623678982
13.3484957346	2.57711573685
13.3379091688	2.56799468388
13.327322603	2.55887363091
13.3167360372	2.54975257795
13.3061494714	2.54063152498
13.2955629056	2.53151047201
13.2849763398	2.52238941904
13.274389774	2.51326836607
13.2638032082	2.5041473131
13.2532166424	2.49502626013
13.2426300766	2.48590520716
13.2320435108	2.47678415419
13.221456945	2.46766310123
13.2108703792	2.45854204826
13.2002838134	2.44942099529
13.1896972476	2.44029994232
13.1791106818	2.43117888935
13.1685241159	2.42205783638
13.1579375501	2.41293678341
13.1473509843	2.40381573044
13.1367644185	2.39469467747
13.1261778527	2.38557362451
13.1155912869	2.37645257154
13.1050047211	2.36733151857
13.0944181553	2.3582104656
13.0838315895	2.34908941263
13.0732450237	2.33996835966
13.0626584579	2.33084730669
13.0520718921	2.32172625372
13.0414853263	2.31260520075
13.0308987605	2.30348414779
13.0203121947	2.29436309482
13.0097256289	2.28524204185
12.9991390631	2.27612098888
12.9885524973	2.26699993591
12.9779659315	2.25787888294
12.9673793657	2.24875782997
12.9567927999	2.239636777
12.9462062341	2.23051572403
12.9356196683	2.22139467107
12.9250331025	2.2122736181
12.9144465367	2.20315256513
12.9038599709	2.19403151216
12.8932734051	2.18491045919
12.8826868392	2.17578940622
12.8721002734	2.16666835325
12.8615137076	2.15754730028
12.8509271418	2.14842624731
12.840340576	2.13930519434
12.8297540102	2.13018414138
12.8191674444	2.12106308841
12.8085808786	2.11194203544
12.7979943128	2.10282098247
12.787407747	2.0936999295
12.7768211812	2.08457887653
12.7662346154	2.07545782356
12.7556480496	2.06633677059
12.7450614838	2.05721571762
12.734474918	2.04809466466
12.7238883522	2.03897361169
12.7133017864	2.02985255872
12.7027152206	2.02073150575
12.6921286548	2.01161045278
12.681542089	2.00248939981
12.6709555232	1.99336834684
12.6603689574	1.98424729387
12.6497823916	1.9751262409
12.6391958258	1.96600518794
12.62860926	1.95688413497
12.6180226942	1.947763082
12.6074361284	1.93864202903
12.5968495625	1.92952097606
12.5862629967	1.92039992309
12.5756764309	1.91127887012
12.5650898651	1.90215781715
12.5545032993	1.89303676418
12.5439167335	1.88391571122
12.5333301677	1.87479465825
12.5227436019	1.86567360528
12.5121570361	1.85655255231
12.5015704703	1.84743149934
12.4909839045	1.83831044637
12.4803973387	1.8291893934
12.4698107729	1.82006834043
12.4592242071	1.81094728746
12.4486376413	1.8018262345
12.4380510755	1.79270518153
12.4274645097	1.78358412856
12.4168779439	1.77446307559
12.4062913781	1.76534202262
12.3957048123	1.75622096965
12.3851182465	1.74709991668
12.3745316807	1.73797886371
12.3639451149	1.72885781074
12.3533585491	1.71973675778
12.3427719833	1.71061570481
12.3321854175	1.70149465184
12.3215988516	1.69237359887
12.3110122858	1.6832525459
12.30042572	1.67413149293
12.2898391542	1.66501043996
12.2792525884	1.65588938699
12.2686660226	1.64676833402
12.2580794568	1.63764728106
12.247492891	1.62852622809
12.2369063252	1.61940517512
12.2263197594	1.61028412215
12.2157331936	1.60116306918
12.2051466278	1.59204201621
12.194560062	1.58292096324
12.1839734962	1.57379991027
12.1733869304	1.5646788573
12.1628003646	1.55555780434
12.1522137988	1.54643675137
12.141627233	1.5373156984
12.1310406672	1.52819464543
12.1204541014	1.51907359246
12.1098675356	1.50995253949
12.0992809698	1.50083148652
12.088694404	1.49171043355
12.0781078382	1.48258938058
12.0675212724	1.47346832762
12.0569347066	1.46434727465
12.0463481408	1.45522622168
12.0357615749	1.44610516871
12.0251750091	1.43698411574
12.0145884433	1.42786306277
12.0040018775	1.4187420098
11.9934153117	1.40962095683
11.9828287459	1.40049990386
11.9722421801	1.3913788509
11.9616556143	1.38225779793
11.9510690485	1.37313674496
11.9404824827	1.36401569199
11.9298959169	1.35489463902
11.9193093511	1.34577358605
11.9087227853	1.33665253308
11.8981362195	1.32753148011
11.8875496537	1.31841042714
11.8769630879	1.30928937418
11.8663765221	1.30016832121
11.8557899563	1.29104726824
11.8452033905	1.28192621527
11.8346168247	1.2728051623
11.8240302589	1.26368410933
11.8134436931	1.25456305636
11.8028571273	1.24544200339
11.7922705615	1.23632095042
11.7816839957	1.22719989746
11.7710974299	1.21807884449
11.760510864	1.20895779152
11.7499242982	1.19983673855
11.7393377324	1.19071568558
11.7287511666	1.18159463261
11.7181646008	1.17247357964
11.707578035	1.16335252667
11.6969914692	1.1542314737
11.6864049034	1.14511042074
11.6758183376	1.13598936777
11.6652317718	1.1268683148
11.654645206	1.11774726183
11.6440586402	1.10862620886
11.6334720744	1.09950515589
11.6228855086	1.09038410292
11.6122989428	1.08126304995
11.601712377	1.07214199698
11.5911258112	1.06302094402
11.5805392454	1.05389989105
11.5699526796	1.04477883808
11.5593661138	1.03565778511
11.548779548	1.02653673214
11.5381929822	1.01741567917
11.5276064164	1.0082946262
11.5170198506	0.999173573233
11.5064332848	0.990052520264
11.495846719	0.980931467295
11.4852601532	0.971810414326
11.4746735873	0.962689361357
11.4640870215	0.953568308388
11.4535004557	0.944447255419
11.4429138899	0.935326202451
11.4323273241	0.926205149482
11.4217407583	0.917084096513
11.4111541925	0.907963043544
11.4005676267	0.898841990575
11.3899810609	0.889720937606
11.3793944951	0.880599884637
11.3688079293	0.871478831668
11.3582213635	0.862357778699
11.3476347977	0.85323672573
11.3370482319	0.844115672762
11.3264616661	0.834994619793
11.3158751003	0.825873566824
11.3052885345	0.816752513855
11.2947019687	0.807631460886
11.2841154029	0.798510407917
11.2735288371	0.789389354948
11.2629422713	0.780268301979
11.2523557055	0.77114724901
11.2417691397	0.762026196041
11.2311825739	0.752905143073
11.2205960081	0.743784090104
11.2100094423	0.734663037135
11.1994228765	0.725541984166
11.1888363106	0.716420931197
11.1782497448	0.707299878228
11.167663179	0.698178825259
11.1570766132	0.68905777229
11.1464900474	0.679936719321
11.1359034816	0.670815666353
11.1253169158	0.661694613384
11.11473035	0.652573560415
11.1041437842	0.643452507446
11.0935572184	0.634331454477
11.0829706526	0.625210401508
11.0723840868	0.616089348539
11.061797521	0.60696829557
11.0512109552	0.597847242601
11.0406243894	0.588726189632
11.0300378236	0.579605136664
11.0194512578	0.570484083695
11.008864692	0.561363030726
10.9982781262	0.552241977757
10.9876915604	0.543120924788
10.9771049946	0.533999871819
10.9665184288	0.52487881885
10.955931863	0.515757765881
10.9453452972	0.506636712912
10.9347587314	0.497515659943
10.9241721656	0.488394606975
10.9135855997	0.479273554006
10.9029990339	0.470152501037
10.8924124681	0.461031448068
10.8818259023	0.451910395099
10.8712393365	0.44278934213
10.8606527707	0.433668289161
10.8500662049	0.424547236192
10.8394796391	0.415426183223
10.8288930733	0.406305130254
10.8183065075	0.397184077286
10.8077199417	0.388063024317
10.7971333759	0.378941971348
10.7865468101	0.369820918379
10.7759602443	0.36069986541
