1.75994261459	13.174803662
1.7655567935	13.1768718232
1.77117097241	13.1789399845
1.77678515132	13.1810081457
1.78239933023	13.183076307
1.78801350914	13.1851444682
1.79362768805	13.1872126295
1.79924186697	13.1892807907
1.80485604588	13.191348952
1.81047022479	13.1934171132
1.8160844037	13.1954852745
1.82169858261	13.1975534357
1.82731276152	13.199621597
1.83292694043	13.2016897582
1.83854111934	13.2037579195
1.84415529825	13.2058260807
1.84976947716	13.207894242
1.85538365607	13.2099624032
1.86099783498	13.2120305645
1.8666120139	13.2140987257
1.87222619281	13.216166887
1.87784037172	13.2182350482
1.88345455063	13.2203032095
1.88906872954	13.2223713707
1.89468290845	13.224439532
1.90029708736	13.2265076932
1.90591126627	13.2285758545
1.91152544518	13.2306440157
1.91713962409	13.2327121769
1.922753803	13.2347803382
1.92836798191	13.2368484994
1.93398216082	13.2389166607
1.93959633974	13.2409848219
1.94521051865	13.2430529832
1.95082469756	13.2451211444
1.95643887647	13.2471893057
1.96205305538	13.2492574669
1.96766723429	13.2513256282
1.9732814132	13.2533937894
1.97889559211	13.2554619507
1.98450977102	13.2575301119
1.99012394993	13.2595982732
1.99573812884	13.2616664344
2.00135230775	13.2637345957
2.00696648667	13.2658027569
2.01258066558	13.2678709182
2.01819484449	13.2699390794
2.0238090234	13.2720072407
2.02942320231	13.2740754019
2.03503738122	13.2761435632
2.04065156013	13.2782117244
2.04626573904	13.2802798857
2.05187991795	13.2823480469
2.05749409686	13.2844162082
2.06310827577	13.2864843694
2.06872245468	13.2885525306
2.07433663359	13.2906206919
2.07995081251	13.2926888531
2.08556499142	13.2947570144
2.09117917033	13.2968251756
2.09679334924	13.2988933369
2.10240752815	13.3009614981
2.10802170706	13.3030296594
2.11363588597	13.3050978206
2.11925006488	13.3071659819
2.12486424379	13.3092341431
2.1304784227	13.3113023044
2.13609260161	13.3133704656
2.14170678052	13.3154386269
2.14732095944	13.3175067881
2.15293513835	13.3195749494
2.15854931726	13.3216431106
2.16416349617	13.3237112719
2.16977767508	13.3257794331
2.17539185399	13.3278475944
2.1810060329	13.3299157556
2.18662021181	13.3319839169
2.19223439072	13.3340520781
2.19784856963	13.3361202394
2.20346274854	13.3381884006
2.20907692745	13.3402565618
2.21469110636	13.3423247231
2.22030528528	13.3443928843
2.22591946419	13.3464610456
2.2315336431	13.3485292068
2.23714782201	13.3505973681
2.24276200092	13.3526655293
2.24837617983	13.3547336906
2.25399035874	13.3568018518
2.25960453765	13.3588700131
2.26521871656	13.3609381743
2.27083289547	13.3630063356
2.27644707438	13.3650744968
2.28206125329	13.3671426581
2.28767543221	13.3692108193
2.29328961112	13.3712789806
2.29890379003	13.3733471418
2.30451796894	13.3754153031
2.31013214785	13.3774834643
2.31574632676	13.3795516256
2.32136050567	13.3816197868
2.32697468458	13.3836879481
2.33258886349	13.3857561093
2.3382030424	13.3878242706
2.34381722131	13.3898924318
2.34943140022	13.3919605931
2.35504557914	13.3940287543
2.36065975805	13.3960969155
2.36627393696	13.3981650768
2.37188811587	13.400233238
2.37750229478	13.4023013993
2.38311647369	13.4043695605
2.3887306526	13.4064377218
2.39434483151	13.408505883
2.39995901042	13.4105740443
2.40557318933	13.4126422055
2.41118736824	13.4147103668
2.41680154715	13.416778528
2.42241572606	13.4188466893
2.42802990498	13.4209148505
2.43364408389	13.4229830118
2.4392582628	13.425051173
2.44487244171	13.4271193343
2.45048662062	13.4291874955
2.45610079953	13.4312556568
2.46171497844	13.433323818
2.46732915735	13.4353919793
2.47294333626	13.4374601405
2.47855751517	13.4395283018
2.48417169408	13.441596463
2.48978587299	13.4436646243
2.49540005191	13.4457327855
2.50101423082	13.4478009468
2.50662840973	13.449869108
2.51224258864	13.4519372692
2.51785676755	13.4540054305
2.52347094646	13.4560735917
2.52908512537	13.458141753
2.53469930428	13.4602099142
2.54031348319	13.4622780755
2.5459276621	13.4643462367
2.55154184101	13.466414398
2.55715601992	13.4684825592
2.56277019883	13.4705507205
2.56838437775	13.4726188817
2.57399855666	13.474687043
2.57961273557	13.4767552042
2.58522691448	13.4788233655
2.59084109339	13.4808915267
2.5964552723	13.482959688
2.60206945121	13.4850278492
2.60768363012	13.4870960105
2.61329780903	13.4891641717
2.61891198794	13.491232333
2.62452616685	13.4933004942
2.63014034576	13.4953686555
2.63575452468	13.4974368167
2.64136870359	13.499504978
2.6469828825	13.5015731392
2.65259706141	13.5036413005
2.65821124032	13.5057094617
2.66382541923	13.5077776229
2.66943959814	13.5098457842
2.67505377705	13.5119139454
2.68066795596	13.5139821067
2.68628213487	13.5160502679
2.69189631378	13.5181184292
2.69751049269	13.5201865904
2.7031246716	13.5222547517
2.70873885052	13.5243229129
2.71435302943	13.5263910742
2.71996720834	13.5284592354
2.72558138725	13.5305273967
2.73119556616	13.5325955579
2.73680974507	13.5346637192
2.74242392398	13.5367318804
2.74803810289	13.5388000417
2.7536522818	13.5408682029
2.75926646071	13.5429363642
2.76488063962	13.5450045254
2.77049481853	13.5470726867
2.77610899745	13.5491408479
2.78172317636	13.5512090092
2.78733735527	13.5532771704
2.79295153418	13.5553453317
2.79856571309	13.5574134929
2.804179892	13.5594816542
2.80979407091	13.5615498154
2.81540824982	13.5636179766
2.82102242873	13.5656861379
2.82663660764	13.5677542991
2.83225078655	13.5698224604
2.83786496546	13.5718906216
2.84347914437	13.5739587829
2.84909332329	13.5760269441
2.8547075022	13.5780951054
2.86032168111	13.5801632666
2.86593586002	13.5822314279
2.87155003893	13.5842995891
2.87716421784	13.5863677504
2.88277839675	13.5884359116
2.88839257566	13.5905040729
2.89400675457	13.5925722341
2.89962093348	13.5946403954
2.90523511239	13.5967085566
2.9108492913	13.5987767179
2.91646347022	13.6008448791
2.92207764913	13.6029130404
2.92769182804	13.6049812016
2.93330600695	13.6070493629
2.93892018586	13.6091175241
2.94453436477	13.6111856854
2.95014854368	13.6132538466
2.95576272259	13.6153220078
2.9613769015	13.6173901691
2.96699108041	13.6194583303
2.97260525932	13.6215264916
2.97821943823	13.6235946528
2.98383361714	13.6256628141
2.98944779606	13.6277309753
2.99506197497	13.6297991366
3.00067615388	13.6318672978
3.00629033279	13.6339354591
3.0119045117	13.6360036203
3.01751869061	13.6380717816
3.02313286952	13.6401399428
3.02874704843	13.6422081041
3.03436122734	13.6442762653
3.03997540625	13.6463444266
3.04558958516	13.6484125878
3.05120376407	13.6504807491
3.05681794299	13.6525489103
3.0624321219	13.6546170716
3.06804630081	13.6566852328
3.07366047972	13.6587533941
3.07927465863	13.6608215553
3.08488883754	13.6628897166
3.09050301645	13.6649578778
3.09611719536	13.6670260391
3.10173137427	13.6690942003
3.10734555318	13.6711623615
3.11295973209	13.6732305228
3.118573911	13.675298684
3.12418808991	13.6773668453
3.12980226883	13.6794350065
3.13541644774	13.6815031678
3.14103062665	13.683571329
3.14664480556	13.6856394903
3.15225898447	13.6877076515
3.15787316338	13.6897758128
3.16348734229	13.691843974
3.1691015212	13.6939121353
3.17471570011	13.6959802965
3.18032987902	13.6980484578
3.18594405793	13.700116619
3.19155823684	13.7021847803
3.19717241576	13.7042529415
3.20278659467	13.7063211028
3.20840077358	13.708389264
3.21401495249	13.7104574253
3.2196291314	13.7125255865
3.22524331031	13.7145937478
3.23085748922	13.716661909
3.23647166813	13.7187300703
3.24208584704	13.7207982315
3.24770002595	13.7228663928
3.25331420486	13.724934554
3.25892838377	13.7270027152
3.26454256268	13.7290708765
3.2701567416	13.7311390377
3.27577092051	13.733207199
3.28138509942	13.7352753602
3.28699927833	13.7373435215
3.29261345724	13.7394116827
3.29822763615	13.741479844
3.30384181506	13.7435480052
3.30945599397	13.7456161665
3.31507017288	13.7476843277
3.32068435179	13.749752489
3.3262985307	13.7518206502
3.33191270961	13.7538888115
3.33752688853	13.7559569727
3.34314106744	13.758025134
3.34875524635	13.7600932952
3.35436942526	13.7621614565
3.35998360417	13.7642296177
3.36559778308	13.766297779
3.37121196199	13.7683659402
3.3768261409	13.7704341015
3.38244031981	13.7725022627
3.38805449872	13.774570424
3.39366867763	13.7766385852
3.39928285654	13.7787067465
3.40489703545	13.7807749077
3.41051121437	13.7828430689
3.41612539328	13.7849112302
3.42173957219	13.7869793914
3.4273537511	13.7890475527
3.43296793001	13.7911157139
3.43858210892	13.7931838752
3.44419628783	13.7952520364
3.44981046674	13.7973201977
3.45542464565	13.7993883589
3.46103882456	13.8014565202
3.46665300347	13.8035246814
3.47226718238	13.8055928427
3.4778813613	13.8076610039
3.48349554021	13.8097291652
3.48910971912	13.8117973264
3.49472389803	13.8138654877
3.50033807694	13.8159336489
3.50595225585	13.8180018102
3.51156643476	13.8200699714
3.51718061367	13.8221381327
3.52279479258	13.8242062939
3.52840897149	13.8262744552
3.5340231504	13.8283426164
3.53963732931	13.8304107777
3.54525150823	13.8324789389
3.55086568714	13.8345471002
3.55647986605	13.8366152614
3.56209404496	13.8386834226
3.56770822387	13.8407515839
3.57332240278	13.8428197451
3.57893658169	13.8448879064
3.5845507606	13.8469560676
3.59016493951	13.8490242289
3.59577911842	13.8510923901
3.60139329733	13.8531605514
3.60700747624	13.8552287126
3.61262165515	13.8572968739
3.61823583407	13.8593650351
3.62385001298	13.8614331964
3.62946419189	13.8635013576
3.6350783708	13.8655695189
3.64069254971	13.8676376801
3.64630672862	13.8697058414
3.65192090753	13.8717740026
3.65753508644	13.8738421639
3.66314926535	13.8759103251
3.66876344426	13.8779784864
3.67437762317	13.8800466476
3.67999180208	13.8821148089
3.685605981	13.8841829701
3.69122015991	13.8862511314
3.69683433882	13.8883192926
3.70244851773	13.8903874538
3.70806269664	13.8924556151
3.71367687555	13.8945237763
3.71929105446	13.8965919376
3.72490523337	13.8986600988
3.73051941228	13.9007282601
3.73613359119	13.9027964213
3.7417477701	13.9048645826
3.74736194901	13.9069327438
3.75297612792	13.9090009051
3.75859030684	13.9110690663
3.76420448575	13.9131372276
3.76981866466	13.9152053888
3.77543284357	13.9172735501
3.78104702248	13.9193417113
3.78666120139	13.9214098726
3.7922753803	13.9234780338
3.79788955921	13.9255461951
3.80350373812	13.9276143563
3.80911791703	13.9296825176
3.81473209594	13.9317506788
3.82034627485	13.9338188401
3.82596045377	13.9358870013
3.83157463268	13.9379551626
3.83718881159	13.9400233238
3.8428029905	13.9420914851
3.84841716941	13.9441596463
3.85403134832	13.9462278075
3.85964552723	13.9482959688
3.86525970614	13.95036413
3.87087388505	13.9524322913
3.87648806396	13.9545004525
3.88210224287	13.9565686138
3.88771642178	13.958636775
3.89333060069	13.9607049363
3.89894477961	13.9627730975
3.90455895852	13.9648412588
3.91017313743	13.96690942
3.91578731634	13.9689775813
3.92140149525	13.9710457425
3.92701567416	13.9731139038
3.93262985307	13.975182065
3.93824403198	13.9772502263
3.94385821089	13.9793183875
3.9494723898	13.9813865488
3.95508656871	13.98345471
3.96070074762	13.9855228713
3.96631492654	13.9875910325
3.97192910545	13.9896591938
3.97754328436	13.991727355
3.98315746327	13.9937955163
3.98877164218	13.9958636775
3.99438582109	13.9979318388
4.0	14.0
4.0	14.0
4.01551046695	13.9791801845
4.03092341334	13.9582701315
4.04623766155	13.9372686818
4.06145216284	13.9161747335
4.07652195993	13.8949680142
4.09152824009	13.8736833349
4.10643178125	13.8523029329
4.12123207925	13.8308259553
4.13592879836	13.8092516271
4.15052177796	13.7875792546
4.16501103844	13.7658082288
4.17939678621	13.7439380281
4.19367941795	13.7219682211
4.2078595238	13.6998984682
4.22193788964	13.6777285237
4.23591549845	13.6554582369
4.24979353052	13.6330875529
4.26357336273	13.6106165127
4.27722846039	13.5880276763
4.29081154599	13.5653531215
4.30430080366	13.5425783248
4.31769822217	13.5197036113
4.33097422305	13.4966400826
4.34419222867	13.4735599296
4.35732511693	13.4503807999
4.37037543512	13.4271032687
4.38334584281	13.403727966
4.39623909825	13.3802555698
4.40905804369	13.3566867988
4.4218055899	13.3330224044
4.4344846998	13.3092631629
4.44706508084	13.2853996509
4.45961272049	13.2614520878
4.47210065548	13.2374119951
4.48457689328	13.2133322117
4.4969599473	13.1891159643
4.50929273929	13.1648102014
4.5215781402	13.1404156789
4.53381892938	13.1159331043
4.5460177755	13.0913631262
4.55816029211	13.0666980981
4.57027984542	13.0419535756
4.5823642282	13.0171229563
4.59441545183	12.9922065395
4.60643532949	12.9672045182
4.6184254618	12.942116972
4.63036850847	12.9169185738
4.64229964438	12.8916550301
4.65420386594	12.8663046404
4.66608172108	12.8408668421
4.67804395175	12.8154377385
4.68987547886	12.789828119
4.70168089438	12.7641287098
4.71345964793	12.7383383276
4.72521091381	12.712455634
4.73693359705	12.6864791392
4.74862634254	12.6604072079
4.76028754717	12.6342380681
4.7719153751	12.6079698202
4.78350777625	12.58160045
4.79506250771	12.5551278424
4.80656114282	12.5285448715
4.81803032801	12.5018583241
4.82945377832	12.47506165
4.84082869526	12.4481524969
4.85215223021	12.4211285072
4.86342151979	12.3939873412
4.87463372226	12.3667267001
4.88578605444	12.33934435
4.89687582853	12.3118381453
4.90790048819	12.2842060514
4.91885764336	12.2564461667
4.92978018491	12.2285566324
4.94064431136	12.2005764836
4.95139318823	12.1724309997
4.96204693606	12.1441386653
4.9726441288	12.1157243042
4.98316611482	12.0871756541
4.99361259608	12.05849238
5.00398364608	12.029674412
5.01427971865	12.0007219523
5.02448477104	11.9716200992
5.03462911351	11.9423960997
5.04470094664	11.9130387819
5.05470197846	11.8835492096
5.06462233234	11.8539203608
5.07448401204	11.8241675142
5.08428057426	11.7942860785
5.09401454395	11.7642777602
5.10368860814	11.7341444129
5.11330482089	11.7038581714
5.12286099461	11.6734759725
5.13236598543	11.6429746663
5.14182269259	11.612356483
5.15123400201	11.5816237222
5.16060275495	11.5507787418
5.16993172007	11.5198239488
5.17922356968	11.4887617946
5.18848086092	11.4575947712
5.19770602225	11.4263254131
5.20691619608	11.394976658
5.21608041878	11.3635153333
5.22522595235	11.3319622582
5.23438435648	11.3003576952
5.24349133795	11.268508741
5.25256460304	11.2366792509
5.26162586741	11.2047744194
5.27067607178	11.172799563
5.27972455029	11.1407570849
5.28876723026	11.1086385818
5.29776892064	11.0764553325
5.30676067813	11.0442110096
5.31574346401	11.0119097947
5.32471810822	10.9795559827
5.33368532281	10.9471539833
5.34267939284	10.9147222961
5.35164267852	10.8822479722
5.36059328825	10.8497330098
5.3695928538	10.8172309519
5.37855134477	10.7846765356
5.3874955043	10.752070249
5.39638310726	10.7195342572
5.40536113916	10.686951082
5.41435335944	10.6543780281
5.42336617216	10.6218251082
5.43240755988	10.5893036162
5.44148729147	10.5568262986
5.4505372037	10.5243396637
5.45974156069	10.4920047613
5.46902514699	10.4597617081
5.4784068597	10.4276308091
5.48790828754	10.3956346009
5.49754655518	10.3637898755
5.507360501	10.332136627
5.51738831553	10.3007123037
5.52764057243	10.269524535
5.53816444014	10.238618577
5.5489941376	10.2080146074
5.56018191623	10.1777783954
5.57176814655	10.1479359605
5.58379956537	10.1185267086
5.59631819337	10.08958521
5.60938165036	10.0611575667
5.62308995228	10.0332636777
5.63737471865	10.005968722
5.65231021091	9.97926250755
5.66801503954	9.95323927637
5.68449534726	9.92789597252
5.70179507495	9.90326077315
5.71995737979	9.87936012325
5.73902500025	9.85621903284
5.75904070221	9.83386142136
5.7800473996	9.81230353742
5.80209011467	9.79157894561
5.82521428577	9.77170529136
5.84946752003	9.75270496238
5.87489948009	9.73460041145
5.90156188247	9.7174140305
5.92950817591	9.70116778031
5.95880672835	9.68589323682
5.98948487256	9.67158843156
6.02160666669	9.65827781218
6.05519906667	9.64595199809
6.09032883237	9.63463995643
6.12700307607	9.62431544832
6.16527052019	9.61498358826
6.20500381508	9.60652333851
6.24622063455	9.59891957127
6.28881429831	9.5920685824
6.33267103315	9.5858647955
6.37758989992	9.58013869586
6.42345105513	9.57481274445
6.4700730909	9.56978851189
6.51727263137	9.5648669852
6.56489799234	9.55998864216
6.61283508804	9.55508476393
6.66092865353	9.55008842782
6.70927098723	9.54507588238
6.75759768573	9.53988464488
6.80598424431	9.53461737306
6.8544000801	9.52925148659
6.90290240194	9.52388794152
6.95144539396	9.51849429867
7.00008589303	9.51313144115
7.0487811759	9.50777705884
7.09757064489	9.50247925322
7.14641327479	9.49721445486
7.19529800558	9.49195012311
7.24419727199	9.48672318217
7.29301663148	9.4814745081
7.34185030877	9.47623426307
7.39059080902	9.47095584141
7.43920066413	9.46562820779
7.48764043258	9.46024760527
7.53584653491	9.45478133958
7.58378428069	9.44929521516
7.63141072936	9.44383029912
7.67858716436	9.43836304761
7.7252409905	9.43299209984
7.7712071649	9.42774409423
7.81647018288	9.42279305957
7.86074642908	9.41812200854
7.904015778	9.4138751573
7.94620926682	9.4102049213
7.98723979357	9.40713074077
8.02711442818	9.40475204507
8.06581427013	9.40314985232
8.10339352511	9.40251222247
8.13972738929	9.40300079128
8.17486529452	9.40488096102
8.20881734265	9.4081859532
8.24187180621	9.41267650173
8.2744496922	9.41796102787
8.30690003854	9.42369255154
8.33996888111	9.42876340131
8.37537229524	9.43081058451
8.41531621499	9.42680703043
8.46305320603	9.41442743614
8.51817553618	9.39496730287
8.57640793355	9.3706029729
8.63614936688	9.34137455063
8.69588090489	9.30747170086
8.75555180613	9.2690358602
8.81546766697	9.23250822357
8.87848992435	9.21525877753
8.95678965443	9.20731586681
9.03565398988	9.1956694661
9.11228377268	9.18343457165
9.1851163474	9.17139632391
9.25166645487	9.16049911252
9.31013474556	9.15100748758
9.36099444266	9.14405171492
9.40602168076	9.14022722634
9.447022525	9.13917131275
9.48530001776	9.1402047141
9.5217648966	9.1427949732
9.55708320426	9.14659281151
9.59171013582	9.15124785705
9.62604735751	9.15641845979
9.66039211933	9.16170729878
9.69497774445	9.1667811085
9.72990862752	9.17141021529
9.7653379141	9.17545196219
9.80118257786	9.17879338914
9.83759238392	9.18145267859
9.8744359455	9.18326646224
9.91178700331	9.18421366965
9.94964391657	9.18423399537
9.98796128189	9.18326465628
10.0267040069	9.18135085838
10.0658245501	9.17853929121
10.1052726109	9.1749457904
10.1449583946	9.17072880758
10.1848522051	9.16594991954
10.2248547664	9.16074205806
10.2649377642	9.1552381272
10.3050907171	9.14951884262
10.345186056	9.14362192038
10.3852491726	9.13764517597
10.4252393909	9.13156485138
10.4651381388	9.12542019269
10.5049222589	9.11919743281
10.544561656	9.11291350128
10.5841020666	9.10663271003
10.6235063632	9.10029427135
10.6627684399	9.09392022367
10.7019008754	9.08752829141
10.7408794271	9.08109892094
10.7797263048	9.07465850128
10.8184480974	9.06821724052
10.8570528397	9.06178618899
10.8955898851	9.05540812137
10.9339828712	9.04902750428
10.972288298	9.04269151269
11.0105160342	9.03641034085
11.048678905	9.03019913281
11.0866318226	9.02394938188
11.1247601832	9.01793557633
11.1628377061	9.01200040722
11.2008716262	9.00614777709
11.2388680042	9.0003798189
11.2766509901	8.99457438503
11.3145394174	8.98894324803
11.3524059074	8.98339570356
11.3902514018	8.97792689213
11.4280757005	8.97253040603
11.465877505	8.96719838216
11.5036544731	8.96192160948
11.5414032842	8.95668965078
11.5791197143	8.95149097815
11.6167987197	8.94631312153
11.6544345292	8.94114282953
11.6920207437	8.93596624134
11.7295504409	8.93076906785
11.7670237893	8.92554881522
11.8044163042	8.92026386944
11.8417299106	8.91491546484
11.8789566336	8.90948938838
11.9160998291	8.90398671049
11.9531263526	8.89836134404
11.9900434129	8.89262050399
12.0268436676	8.88675297233
12.0635290412	8.88076120521
12.1000741506	8.87460958849
12.1364774527	8.86827469451
12.1727445282	8.86180586633
12.2088657982	8.85517326092
12.2448372773	8.84837385476
12.2806556353	8.84140610544
12.3163203361	8.83423974027
12.3518083834	8.82689931167
12.3871577164	8.81943100265
12.4223463611	8.81179974097
12.4573741368	8.80401056376
12.4922413644	8.79606950523
12.5269488211	8.78798347539
12.5615242211	8.77979035008
12.5959119618	8.77143331256
12.6301451292	8.76295670022
12.6642257476	8.75436952913
12.6981672649	8.74570456424
12.7319672554	8.73693866054
12.7656003968	8.72807072252
12.799091307	8.71912999221
12.8325815412	8.71012619835
12.8657887835	8.7010661186
12.8988618818	8.69195899335
12.9318033096	8.68281250341
12.9646154469	8.67363377374
12.9973005568	8.66442932109
13.0298607664	8.65520501372
13.0622980529	8.64596604328
13.0946142326	8.63671690846
13.1268109552	8.62746140974
13.158889701	8.61820265474
13.1908517828	8.60894307328
13.2226983493	8.59968444119
13.2544303927	8.59042791198
13.28618522	8.58126765062
13.3176843458	8.57201248977
13.34907133	8.56275971188
13.3803466465	8.55350841312
13.4115106767	8.5442573065
13.4425637252	8.53500477861
13.4735060364	8.52574894711
13.5043378106	8.51648771812
13.5350592208	8.50721884272
13.5656704277	8.49793997177
13.5961715949	8.48864870851
13.6265629034	8.47934265817
13.6568524442	8.47003883452
13.687023121	8.46069236356
13.7170850155	8.45132511723
13.7470384452	8.44193500121
13.7768838075	8.43252013371
13.8066215863	8.42307886683
13.8362523562	8.41360980334
13.8657767858	8.4041118088
13.8952617275	8.39461732952
13.9245769487	8.38508513699
13.9537814045	8.37548939229
13.9828836758	8.36586366267
14.0118848712	8.3562080878
14.0407861918	8.34652305601
14.0695889276	8.33680919054
14.0982564179	8.32701672929
14.1268865005	8.31728298285
14.1554033801	8.30748893135
14.1838275796	8.29767067513
14.212160738	8.28782968342
14.2404045508	8.27796754585
14.2685607623	8.26808594816
14.2966311584	8.25818664848
14.3246175593	8.24827145445
14.352521812	8.23834220145
14.3803457836	8.22840073224
14.4080913549	8.21844887806
14.4357604142	8.20848844151
14.4633548513	8.19852118114
14.4908765524	8.18854879791
14.5183273953	8.17857292347
14.5457092444	8.16859511036
14.5730239472	8.1586168239
14.6002733303	8.1486394359
14.6274591965	8.13866421991
14.6545833217	8.12869234811
14.6816474528	8.11872488949
14.7086533053	8.10876280939
14.7356025618	8.09880697013
14.7624951193	8.08890891548
14.7893378445	8.07891695914
14.8161270599	8.06898401605
14.8428660563	8.05905977816
14.8695563358	8.04914463278
14.8961993628	8.03923888442
14.9228096067	8.02936979449
14.9493607288	8.01948011263
14.975868961	8.00960067958
15.0023355973	7.99973147786
15.0	8.0
15.0050125313	7.99498746867
15.0100250627	7.98997493734
15.015037594	7.98496240602
15.0200501253	7.97994987469
15.0250626566	7.97493734336
15.030075188	7.96992481203
15.0350877193	7.9649122807
15.0401002506	7.95989974937
15.045112782	7.95488721805
15.0501253133	7.94987468672
15.0551378446	7.94486215539
15.0601503759	7.93984962406
15.0651629073	7.93483709273
15.0701754386	7.9298245614
15.0751879699	7.92481203008
15.0802005013	7.91979949875
15.0852130326	7.91478696742
15.0902255639	7.90977443609
15.0952380952	7.90476190476
15.1002506266	7.89974937343
15.1052631579	7.89473684211
15.1102756892	7.88972431078
15.1152882206	7.88471177945
15.1203007519	7.87969924812
15.1253132832	7.87468671679
15.1303258145	7.86967418546
15.1353383459	7.86466165414
15.1403508772	7.85964912281
15.1453634085	7.85463659148
15.1503759398	7.84962406015
15.1553884712	7.84461152882
15.1604010025	7.83959899749
15.1654135338	7.83458646617
15.1704260652	7.82957393484
15.1754385965	7.82456140351
15.1804511278	7.81954887218
15.1854636591	7.81453634085
15.1904761905	7.80952380952
15.1954887218	7.8045112782
15.2005012531	7.79949874687
15.2055137845	7.79448621554
15.2105263158	7.78947368421
15.2155388471	7.78446115288
15.2205513784	7.77944862155
15.2255639098	7.77443609023
15.2305764411	7.7694235589
15.2355889724	7.76441102757
15.2406015038	7.75939849624
15.2456140351	7.75438596491
15.2506265664	7.74937343358
15.2556390977	7.74436090226
15.2606516291	7.73934837093
15.2656641604	7.7343358396
15.2706766917	7.72932330827
15.2756892231	7.72431077694
15.2807017544	7.71929824561
15.2857142857	7.71428571429
15.290726817	7.70927318296
15.2957393484	7.70426065163
15.3007518797	7.6992481203
15.305764411	7.69423558897
15.3107769424	7.68922305764
15.3157894737	7.68421052632
15.320802005	7.67919799499
15.3258145363	7.67418546366
15.3308270677	7.66917293233
15.335839599	7.664160401
15.3408521303	7.65914786967
15.3458646617	7.65413533835
15.350877193	7.64912280702
15.3558897243	7.64411027569
15.3609022556	7.63909774436
15.365914787	7.63408521303
15.3709273183	7.6290726817
15.3759398496	7.62406015038
15.380952381	7.61904761905
15.3859649123	7.61403508772
15.3909774436	7.60902255639
15.3959899749	7.60401002506
15.4010025063	7.59899749373
15.4060150376	7.59398496241
15.4110275689	7.58897243108
15.4160401003	7.58395989975
15.4210526316	7.57894736842
15.4260651629	7.57393483709
15.4310776942	7.56892230576
15.4360902256	7.56390977444
15.4411027569	7.55889724311
15.4461152882	7.55388471178
15.4511278195	7.54887218045
15.4561403509	7.54385964912
15.4611528822	7.53884711779
15.4661654135	7.53383458647
15.4711779449	7.52882205514
15.4761904762	7.52380952381
15.4812030075	7.51879699248
15.4862155388	7.51378446115
15.4912280702	7.50877192982
15.4962406015	7.5037593985
15.5012531328	7.49874686717
15.5062656642	7.49373433584
15.5112781955	7.48872180451
15.5162907268	7.48370927318
15.5213032581	7.47869674185
15.5263157895	7.47368421053
15.5313283208	7.4686716792
15.5363408521	7.46365914787
15.5413533835	7.45864661654
15.5463659148	7.45363408521
15.5513784461	7.44862155388
15.5563909774	7.44360902256
15.5614035088	7.43859649123
15.5664160401	7.4335839599
15.5714285714	7.42857142857
15.5764411028	7.42355889724
15.5814536341	7.41854636591
15.5864661654	7.41353383459
15.5914786967	7.40852130326
15.5964912281	7.40350877193
15.6015037594	7.3984962406
15.6065162907	7.39348370927
15.6115288221	7.38847117794
15.6165413534	7.38345864662
15.6215538847	7.37844611529
15.626566416	7.37343358396
15.6315789474	7.36842105263
15.6365914787	7.3634085213
15.64160401	7.35839598997
15.6466165414	7.35338345865
15.6516290727	7.34837092732
15.656641604	7.34335839599
15.6616541353	7.33834586466
15.6666666667	7.33333333333
15.671679198	7.32832080201
15.6766917293	7.32330827068
15.6817042607	7.31829573935
15.686716792	7.31328320802
15.6917293233	7.30827067669
15.6967418546	7.30325814536
15.701754386	7.29824561404
15.7067669173	7.29323308271
15.7117794486	7.28822055138
15.7167919799	7.28320802005
15.7218045113	7.27819548872
15.7268170426	7.27318295739
15.7318295739	7.26817042607
15.7368421053	7.26315789474
15.7418546366	7.25814536341
15.7468671679	7.25313283208
15.7518796992	7.24812030075
15.7568922306	7.24310776942
15.7619047619	7.2380952381
15.7669172932	7.23308270677
15.7719298246	7.22807017544
15.7769423559	7.22305764411
15.7819548872	7.21804511278
15.7869674185	7.21303258145
15.7919799499	7.20802005013
15.7969924812	7.2030075188
15.8020050125	7.19799498747
15.8070175439	7.19298245614
15.8120300752	7.18796992481
15.8170426065	7.18295739348
15.8220551378	7.17794486216
15.8270676692	7.17293233083
15.8320802005	7.1679197995
15.8370927318	7.16290726817
15.8421052632	7.15789473684
15.8471177945	7.15288220551
15.8521303258	7.14786967419
15.8571428571	7.14285714286
15.8621553885	7.13784461153
15.8671679198	7.1328320802
15.8721804511	7.12781954887
15.8771929825	7.12280701754
15.8822055138	7.11779448622
15.8872180451	7.11278195489
15.8922305764	7.10776942356
15.8972431078	7.10275689223
15.9022556391	7.0977443609
15.9072681704	7.09273182957
15.9122807018	7.08771929825
15.9172932331	7.08270676692
15.9223057644	7.07769423559
15.9273182957	7.07268170426
15.9323308271	7.06766917293
15.9373433584	7.0626566416
15.9423558897	7.05764411028
15.9473684211	7.05263157895
15.9523809524	7.04761904762
15.9573934837	7.04260651629
15.962406015	7.03759398496
15.9674185464	7.03258145363
15.9724310777	7.02756892231
15.977443609	7.02255639098
15.9824561404	7.01754385965
15.9874686717	7.01253132832
15.992481203	7.00751879699
15.9974937343	7.00250626566
16.0025062657	6.99749373434
16.007518797	6.99248120301
16.0125313283	6.98746867168
16.0175438596	6.98245614035
16.022556391	6.97744360902
16.0275689223	6.97243107769
16.0325814536	6.96741854637
16.037593985	6.96240601504
16.0426065163	6.95739348371
16.0476190476	6.95238095238
16.0526315789	6.94736842105
16.0576441103	6.94235588972
16.0626566416	6.9373433584
16.0676691729	6.93233082707
16.0726817043	6.92731829574
16.0776942356	6.92230576441
16.0827067669	6.91729323308
16.0877192982	6.91228070175
16.0927318296	6.90726817043
16.0977443609	6.9022556391
16.1027568922	6.89724310777
16.1077694236	6.89223057644
16.1127819549	6.88721804511
16.1177944862	6.88220551378
16.1228070175	6.87719298246
16.1278195489	6.87218045113
16.1328320802	6.8671679198
16.1378446115	6.86215538847
16.1428571429	6.85714285714
16.1478696742	6.85213032581
16.1528822055	6.84711779449
16.1578947368	6.84210526316
16.1629072682	6.83709273183
16.1679197995	6.8320802005
16.1729323308	6.82706766917
16.1779448622	6.82205513784
16.1829573935	6.81704260652
16.1879699248	6.81203007519
16.1929824561	6.80701754386
16.1979949875	6.80200501253
16.2030075188	6.7969924812
16.2080200501	6.79197994987
16.2130325815	6.78696741855
16.2180451128	6.78195488722
16.2230576441	6.77694235589
16.2280701754	6.77192982456
16.2330827068	6.76691729323
16.2380952381	6.7619047619
16.2431077694	6.75689223058
16.2481203008	6.75187969925
16.2531328321	6.74686716792
16.2581453634	6.74185463659
16.2631578947	6.73684210526
16.2681704261	6.73182957393
16.2731829574	6.72681704261
16.2781954887	6.72180451128
16.2832080201	6.71679197995
16.2882205514	6.71177944862
16.2932330827	6.70676691729
16.298245614	6.70175438596
16.3032581454	6.69674185464
16.3082706767	6.69172932331
16.313283208	6.68671679198
16.3182957393	6.68170426065
16.3233082707	6.67669172932
16.328320802	6.67167919799
16.3333333333	6.66666666667
16.3383458647	6.66165413534
16.343358396	6.65664160401
16.3483709273	6.65162907268
16.3533834586	6.64661654135
16.35839599	6.64160401003
16.3634085213	6.6365914787
16.3684210526	6.63157894737
16.373433584	6.62656641604
16.3784461153	6.62155388471
16.3834586466	6.61654135338
16.3884711779	6.61152882206
16.3934837093	6.60651629073
16.3984962406	6.6015037594
16.4035087719	6.59649122807
16.4085213033	6.59147869674
16.4135338346	6.58646616541
16.4185463659	6.58145363409
16.4235588972	6.57644110276
16.4285714286	6.57142857143
16.4335839599	6.5664160401
16.4385964912	6.56140350877
16.4436090226	6.55639097744
16.4486215539	6.55137844612
16.4536340852	6.54636591479
16.4586466165	6.54135338346
16.4636591479	6.53634085213
16.4686716792	6.5313283208
16.4736842105	6.52631578947
16.4786967419	6.52130325815
16.4837092732	6.51629072682
16.4887218045	6.51127819549
16.4937343358	6.50626566416
16.4987468672	6.50125313283
16.5037593985	6.4962406015
16.5087719298	6.49122807018
16.5137844612	6.48621553885
16.5187969925	6.48120300752
16.5238095238	6.47619047619
16.5288220551	6.47117794486
16.5338345865	6.46616541353
16.5388471178	6.46115288221
16.5438596491	6.45614035088
16.5488721805	6.45112781955
16.5538847118	6.44611528822
16.5588972431	6.44110275689
16.5639097744	6.43609022556
16.5689223058	6.43107769424
16.5739348371	6.42606516291
16.5789473684	6.42105263158
16.5839598997	6.41604010025
16.5889724311	6.41102756892
16.5939849624	6.40601503759
16.5989974937	6.40100250627
16.6040100251	6.39598997494
16.6090225564	6.39097744361
16.6140350877	6.38596491228
16.619047619	6.38095238095
16.6240601504	6.37593984962
16.6290726817	6.3709273183
16.634085213	6.36591478697
16.6390977444	6.36090225564
16.6441102757	6.35588972431
16.649122807	6.35087719298
16.6541353383	6.34586466165
16.6591478697	6.34085213033
16.664160401	6.335839599
16.6691729323	6.33082706767
16.6741854637	6.32581453634
16.679197995	6.32080200501
16.6842105263	6.31578947368
16.6892230576	6.31077694236
16.694235589	6.30576441103
16.6992481203	6.3007518797
16.7042606516	6.29573934837
16.709273183	6.29072681704
16.7142857143	6.28571428571
16.7192982456	6.28070175439
16.7243107769	6.27568922306
16.7293233083	6.27067669173
16.7343358396	6.2656641604
16.7393483709	6.26065162907
16.7443609023	6.25563909774
16.7493734336	6.25062656642
16.7543859649	6.24561403509
16.7593984962	6.24060150376
16.7644110276	6.23558897243
16.7694235589	6.2305764411
16.7744360902	6.22556390977
16.7794486216	6.22055137845
16.7844611529	6.21553884712
16.7894736842	6.21052631579
16.7944862155	6.20551378446
16.7994987469	6.20050125313
16.8045112782	6.1954887218
16.8095238095	6.19047619048
16.8145363409	6.18546365915
16.8195488722	6.18045112782
16.8245614035	6.17543859649
16.8295739348	6.17042606516
16.8345864662	6.16541353383
16.8395989975	6.16040100251
16.8446115288	6.15538847118
16.8496240602	6.15037593985
16.8546365915	6.14536340852
16.8596491228	6.14035087719
16.8646616541	6.13533834586
16.8696741855	6.13032581454
16.8746867168	6.12531328321
16.8796992481	6.12030075188
16.8847117794	6.11528822055
16.8897243108	6.11027568922
16.8947368421	6.10526315789
16.8997493734	6.10025062657
16.9047619048	6.09523809524
16.9097744361	6.09022556391
16.9147869674	6.08521303258
16.9197994987	6.08020050125
16.9248120301	6.07518796992
16.9298245614	6.0701754386
16.9348370927	6.06516290727
16.9398496241	6.06015037594
16.9448621554	6.05513784461
16.9498746867	6.05012531328
16.954887218	6.04511278195
16.9598997494	6.04010025063
16.9649122807	6.0350877193
16.969924812	6.03007518797
16.9749373434	6.02506265664
16.9799498747	6.02005012531
16.984962406	6.01503759398
16.9899749373	6.01002506266
16.9949874687	6.00501253133
17.0	6.0
17.0	6.0
17.0027272269	5.99485165223
17.0054544537	5.98970330445
17.0081816806	5.98455495668
17.0109089075	5.9794066089
17.0136361343	5.97425826113
17.0163633612	5.96910991335
17.019090588	5.96396156558
17.0218178149	5.9588132178
17.0245450418	5.95366487003
17.0272722686	5.94851652225
17.0299994955	5.94336817448
17.0327267224	5.9382198267
17.0354539492	5.93307147893
17.0381811761	5.92792313115
17.040908403	5.92277478338
17.0436356298	5.9176264356
17.0463628567	5.91247808783
17.0490900836	5.90732974005
17.0518173104	5.90218139228
17.0545445373	5.8970330445
17.0572717641	5.89188469673
17.059998991	5.88673634896
17.0627262179	5.88158800118
17.0654534447	5.87643965341
17.0681806716	5.87129130563
17.0709078985	5.86614295786
17.0736351253	5.86099461008
17.0763623522	5.85584626231
17.0790895791	5.85069791453
17.0818168059	5.84554956676
17.0845440328	5.84040121898
17.0872712597	5.83525287121
17.0899984865	5.83010452343
17.0927257134	5.82495617566
17.0954529402	5.81980782788
17.0981801671	5.81465948011
17.100907394	5.80951113233
17.1036346208	5.80436278456
17.1063618477	5.79921443678
17.1090890746	5.79406608901
17.1118163014	5.78891774123
17.1145435283	5.78376939346
17.1172707552	5.77862104569
17.119997982	5.77347269791
17.1227252089	5.76832435014
17.1254524358	5.76317600236
17.1281796626	5.75802765459
17.1309068895	5.75287930681
17.1336341163	5.74773095904
17.1363613432	5.74258261126
17.1390885701	5.73743426349
17.1418157969	5.73228591571
17.1445430238	5.72713756794
17.1472702507	5.72198922016
17.1499974775	5.71684087239
17.1527247044	5.71169252461
17.1554519313	5.70654417684
17.1581791581	5.70139582906
17.160906385	5.69624748129
17.1636336118	5.69109913351
17.1663608387	5.68595078574
17.1690880656	5.68080243796
17.1718152924	5.67565409019
17.1745425193	5.67050574242
17.1772697462	5.66535739464
17.179996973	5.66020904687
17.1827241999	5.65506069909
17.1854514268	5.64991235132
17.1881786536	5.64476400354
17.1909058805	5.63961565577
17.1936331074	5.63446730799
17.1963603342	5.62931896022
17.1990875611	5.62417061244
17.2018147879	5.61902226467
17.2045420148	5.61387391689
17.2072692417	5.60872556912
17.2099964685	5.60357722134
17.2127236954	5.59842887357
17.2154509223	5.59328052579
17.2181781491	5.58813217802
17.220905376	5.58298383024
17.2236326029	5.57783548247
17.2263598297	5.57268713469
17.2290870566	5.56753878692
17.2318142835	5.56239043915
17.2345415103	5.55724209137
17.2372687372	5.5520937436
17.239995964	5.54694539582
17.2427231909	5.54179704805
17.2454504178	5.53664870027
17.2481776446	5.5315003525
17.2509048715	5.52635200472
17.2536320984	5.52120365695
17.2563593252	5.51605530917
17.2590865521	5.5109069614
17.261813779	5.50575861362
17.2645410058	5.50061026585
17.2672682327	5.49546191807
17.2699954596	5.4903135703
17.2727226864	5.48516522252
17.2754499133	5.48001687475
17.2781771401	5.47486852697
17.280904367	5.4697201792
17.2836315939	5.46457183142
17.2863588207	5.45942348365
17.2890860476	5.45427513588
17.2918132745	5.4491267881
17.2945405013	5.44397844033
17.2972677282	5.43883009255
17.2999949551	5.43368174478
17.3027221819	5.428533397
17.3054494088	5.42338504923
17.3081766357	5.41823670145
17.3109038625	5.41308835368
17.3136310894	5.4079400059
17.3163583162	5.40279165813
17.3190855431	5.39764331035
17.32181277	5.39249496258
17.3245399968	5.3873466148
17.3272672237	5.38219826703
17.3299944506	5.37704991925
17.3327216774	5.37190157148
17.3354489043	5.3667532237
17.3381761312	5.36160487593
17.340903358	5.35645652815
17.3436305849	5.35130818038
17.3463578117	5.34615983261
17.3490850386	5.34101148483
17.3518122655	5.33586313706
17.3545394923	5.33071478928
17.3572667192	5.32556644151
17.3599939461	5.32041809373
17.3627211729	5.31526974596
17.3654483998	5.31012139818
17.3681756267	5.30497305041
17.3709028535	5.29982470263
17.3736300804	5.29467635486
17.3763573073	5.28952800708
17.3790845341	5.28437965931
17.381811761	5.27923131153
17.3845389878	5.27408296376
17.3872662147	5.26893461598
17.3899934416	5.26378626821
17.3927206684	5.25863792043
17.3954478953	5.25348957266
17.3981751222	5.24834122488
17.400902349	5.24319287711
17.4036295759	5.23804452934
17.4063568028	5.23289618156
17.4090840296	5.22774783379
17.4118112565	5.22259948601
17.4145384834	5.21745113824
17.4172657102	5.21230279046
17.4199929371	5.20715444269
17.4227201639	5.20200609491
17.4254473908	5.19685774714
17.4281746177	5.19170939936
17.4309018445	5.18656105159
17.4336290714	5.18141270381
17.4363562983	5.17626435604
17.4390835251	5.17111600826
17.441810752	5.16596766049
17.4445379789	5.16081931271
17.4472652057	5.15567096494
17.4499924326	5.15052261716
17.4527196595	5.14537426939
17.4554468863	5.14022592161
17.4581741132	5.13507757384
17.46090134	5.12992922607
17.4636285669	5.12478087829
17.4663557938	5.11963253052
17.4690830206	5.11448418274
17.4718102475	5.10933583497
17.4745374744	5.10418748719
17.4772647012	5.09903913942
17.4799919281	5.09389079164
17.482719155	5.08874244387
17.4854463818	5.08359409609
17.4881736087	5.07844574832
17.4909008355	5.07329740054
17.4936280624	5.06814905277
17.4963552893	5.06300070499
17.4990825161	5.05785235722
17.501809743	5.05270400944
17.5045369699	5.04755566167
17.5072641967	5.04240731389
17.5099914236	5.03725896612
17.5127186505	5.03211061834
17.5154458773	5.02696227057
17.5181731042	5.0218139228
17.5209003311	5.01666557502
17.5236275579	5.01151722725
17.5263547848	5.00636887947
17.5290820116	5.0012205317
17.5318092385	4.99607218392
17.5345364654	4.99092383615
17.5372636922	4.98577548837
17.5399909191	4.9806271406
17.542718146	4.97547879282
17.5454453728	4.97033044505
17.5481725997	4.96518209727
17.5508998266	4.9600337495
17.5536270534	4.95488540172
17.5563542803	4.94973705395
17.5590815072	4.94458870617
17.561808734	4.9394403584
17.5645359609	4.93429201062
17.5672631877	4.92914366285
17.5699904146	4.92399531507
17.5727176415	4.9188469673
17.5754448683	4.91369861953
17.5781720952	4.90855027175
17.5808993221	4.90340192398
17.5836265489	4.8982535762
17.5863537758	4.89310522843
17.5890810027	4.88795688065
17.5918082295	4.88280853288
17.5945354564	4.8776601851
17.5972626833	4.87251183733
17.5999899101	4.86736348955
17.602717137	4.86221514178
17.6054443638	4.857066794
17.6081715907	4.85191844623
17.6108988176	4.84677009845
17.6136260444	4.84162175068
17.6163532713	4.8364734029
17.6190804982	4.83132505513
17.621807725	4.82617670735
17.6245349519	4.82102835958
17.6272621788	4.8158800118
17.6299894056	4.81073166403
17.6327166325	4.80558331626
17.6354438593	4.80043496848
17.6381710862	4.79528662071
17.6408983131	4.79013827293
17.6436255399	4.78498992516
17.6463527668	4.77984157738
17.6490799937	4.77469322961
17.6518072205	4.76954488183
17.6545344474	4.76439653406
17.6572616743	4.75924818628
17.6599889011	4.75409983851
17.662716128	4.74895149073
17.6654433549	4.74380314296
17.6681705817	4.73865479518
17.6708978086	4.73350644741
17.6736250354	4.72835809963
17.6763522623	4.72320975186
17.6790794892	4.71806140408
17.681806716	4.71291305631
17.6845339429	4.70776470853
17.6872611698	4.70261636076
17.6899883966	4.69746801299
17.6927156235	4.69231966521
17.6954428504	4.68717131744
17.6981700772	4.68202296966
17.7008973041	4.67687462189
17.703624531	4.67172627411
17.7063517578	4.66657792634
17.7090789847	4.66142957856
17.7118062115	4.65628123079
17.7145334384	4.65113288301
17.7172606653	4.64598453524
17.7199878921	4.64083618746
17.722715119	4.63568783969
17.7254423459	4.63053949191
17.7281695727	4.62539114414
17.7308967996	4.62024279636
17.7336240265	4.61509444859
17.7363512533	4.60994610081
17.7390784802	4.60479775304
17.7418057071	4.59964940526
17.7445329339	4.59450105749
17.7472601608	4.58935270972
17.7499873876	4.58420436194
17.7527146145	4.57905601417
17.7554418414	4.57390766639
17.7581690682	4.56875931862
17.7608962951	4.56361097084
17.763623522	4.55846262307
17.7663507488	4.55331427529
17.7690779757	4.54816592752
17.7718052026	4.54301757974
17.7745324294	4.53786923197
17.7772596563	4.53272088419
17.7799868831	4.52757253642
17.78271411	4.52242418864
17.7854413369	4.51727584087
17.7881685637	4.51212749309
17.7908957906	4.50697914532
17.7936230175	4.50183079754
17.7963502443	4.49668244977
17.7990774712	4.49153410199
17.8018046981	4.48638575422
17.8045319249	4.48123740645
17.8072591518	4.47608905867
17.8099863787	4.4709407109
17.8127136055	4.46579236312
17.8154408324	4.46064401535
17.8181680592	4.45549566757
17.8208952861	4.4503473198
17.823622513	4.44519897202
17.8263497398	4.44005062425
17.8290769667	4.43490227647
17.8318041936	4.4297539287
17.8345314204	4.42460558092
17.8372586473	4.41945723315
17.8399858742	4.41430888537
17.842713101	4.4091605376
17.8454403279	4.40401218982
17.8481675548	4.39886384205
17.8508947816	4.39371549427
17.8536220085	4.3885671465
17.8563492353	4.38341879872
17.8590764622	4.37827045095
17.8618036891	4.37312210318
17.8645309159	4.3679737554
17.8672581428	4.36282540763
17.8699853697	4.35767705985
17.8727125965	4.35252871208
17.8754398234	4.3473803643
17.8781670503	4.34223201653
17.8808942771	4.33708366875
17.883621504	4.33193532098
17.8863487309	4.3267869732
17.8890759577	4.32163862543
17.8918031846	4.31649027765
17.8945304114	4.31134192988
17.8972576383	4.3061935821
17.8999848652	4.30104523433
17.902712092	4.29589688655
17.9054393189	4.29074853878
17.9081665458	4.285600191
17.9108937726	4.28045184323
17.9136209995	4.27530349545
17.9163482264	4.27015514768
17.9190754532	4.26500679991
17.9218026801	4.25985845213
17.924529907	4.25471010436
17.9272571338	4.24956175658
17.9299843607	4.24441340881
17.9327115875	4.23926506103
17.9354388144	4.23411671326
17.9381660413	4.22896836548
17.9408932681	4.22382001771
17.943620495	4.21867166993
17.9463477219	4.21352332216
17.9490749487	4.20837497438
17.9518021756	4.20322662661
17.9545294025	4.19807827883
17.9572566293	4.19292993106
17.9599838562	4.18778158328
17.962711083	4.18263323551
17.9654383099	4.17748488773
17.9681655368	4.17233653996
17.9708927636	4.16718819218
17.9736199905	4.16203984441
17.9763472174	4.15689149664
17.9790744442	4.15174314886
17.9818016711	4.14659480109
17.984528898	4.14144645331
17.9872561248	4.13629810554
17.9899833517	4.13114975776
17.9927105786	4.12600140999
17.9954378054	4.12085306221
17.9981650323	4.11570471444
18.0008922591	4.11055636666
18.003619486	4.10540801889
18.0063467129	4.10025967111
18.0090739397	4.09511132334
18.0118011666	4.08996297556
18.0145283935	4.08481462779
18.0172556203	4.07966628001
18.0199828472	4.07451793224
18.0227100741	4.06936958446
18.0254373009	4.06422123669
18.0281645278	4.05907288891
18.0308917547	4.05392454114
18.0336189815	4.04877619337
18.0363462084	4.04362784559
18.0390734352	4.03847949782
18.0418006621	4.03333115004
18.044527889	4.02818280227
18.0472551158	4.02303445449
18.0499823427	4.01788610672
18.0527095696	4.01273775894
18.0554367964	4.00758941117
18.0581640233	4.00244106339
18.0608912502	3.99729271562
18.063618477	3.99214436784
18.0663457039	3.98699602007
18.0690729308	3.98184767229
18.0718001576	3.97669932452
18.0745273845	3.97155097674
18.0772546113	3.96640262897
18.0799818382	3.96125428119
18.0827090651	3.95610593342
18.0854362919	3.95095758564
18.0881635188	3.94580923787
