1.61795808498	2.88092526585
1.62392811484	2.88122369877
1.6298981447	2.88152213169
1.63586817457	2.8818205646
1.64183820443	2.88211899752
1.64780823429	2.88241743044
1.65377826415	2.88271586336
1.65974829402	2.88301429627
1.66571832388	2.88331272919
1.67168835374	2.88361116211
1.6776583836	2.88390959503
1.68362841346	2.88420802794
1.68959844333	2.88450646086
1.69556847319	2.88480489378
1.70153850305	2.8851033267
1.70750853291	2.88540175962
1.71347856278	2.88570019253
1.71944859264	2.88599862545
1.7254186225	2.88629705837
1.73138865236	2.88659549129
1.73735868222	2.8868939242
1.74332871209	2.88719235712
1.74929874195	2.88749079004
1.75526877181	2.88778922296
1.76123880167	2.88808765587
1.76720883154	2.88838608879
1.7731788614	2.88868452171
1.77914889126	2.88898295463
1.78511892112	2.88928138754
1.79108895098	2.88957982046
1.79705898085	2.88987825338
1.80302901071	2.8901766863
1.80899904057	2.89047511922
1.81496907043	2.89077355213
1.82093910029	2.89107198505
1.82690913016	2.89137041797
1.83287916002	2.89166885089
1.83884918988	2.8919672838
1.84481921974	2.89226571672
1.85078924961	2.89256414964
1.85675927947	2.89286258256
1.86272930933	2.89316101547
1.86869933919	2.89345944839
1.87466936905	2.89375788131
1.88063939892	2.89405631423
1.88660942878	2.89435474715
1.89257945864	2.89465318006
1.8985494885	2.89495161298
1.90451951837	2.8952500459
1.91048954823	2.89554847882
1.91645957809	2.89584691173
1.92242960795	2.89614534465
1.92839963781	2.89644377757
1.93436966768	2.89674221049
1.94033969754	2.8970406434
1.9463097274	2.89733907632
1.95227975726	2.89763750924
1.95824978713	2.89793594216
1.96421981699	2.89823437507
1.97018984685	2.89853280799
1.97615987671	2.89883124091
1.98212990657	2.89912967383
1.98809993644	2.89942810675
1.9940699663	2.89972653966
2.00003999616	2.90002497258
2.00601002602	2.9003234055
2.01198005589	2.90062183842
2.01795008575	2.90092027133
2.02392011561	2.90121870425
2.02989014547	2.90151713717
2.03586017533	2.90181557009
2.0418302052	2.902114003
2.04780023506	2.90241243592
2.05377026492	2.90271086884
2.05974029478	2.90300930176
2.06571032465	2.90330773468
2.07168035451	2.90360616759
2.07765038437	2.90390460051
2.08362041423	2.90420303343
2.08959044409	2.90450146635
2.09556047396	2.90479989926
2.10153050382	2.90509833218
2.10750053368	2.9053967651
2.11347056354	2.90569519802
2.11944059341	2.90599363093
2.12541062327	2.90629206385
2.13138065313	2.90659049677
2.13735068299	2.90688892969
2.14332071285	2.9071873626
2.14929074272	2.90748579552
2.15526077258	2.90778422844
2.16123080244	2.90808266136
2.1672008323	2.90838109428
2.17317086217	2.90867952719
2.17914089203	2.90897796011
2.18511092189	2.90927639303
2.19108095175	2.90957482595
2.19705098161	2.90987325886
2.20302101148	2.91017169178
2.20899104134	2.9104701247
2.2149610712	2.91076855762
2.22093110106	2.91106699053
2.22690113092	2.91136542345
2.23287116079	2.91166385637
2.23884119065	2.91196228929
2.24481122051	2.91226072221
2.25078125037	2.91255915512
2.25675128024	2.91285758804
2.2627213101	2.91315602096
2.26869133996	2.91345445388
2.27466136982	2.91375288679
2.28063139968	2.91405131971
2.28660142955	2.91434975263
2.29257145941	2.91464818555
2.29854148927	2.91494661846
2.30451151913	2.91524505138
2.310481549	2.9155434843
2.31645157886	2.91584191722
2.32242160872	2.91614035013
2.32839163858	2.91643878305
2.33436166844	2.91673721597
2.34033169831	2.91703564889
2.34630172817	2.91733408181
2.35227175803	2.91763251472
2.35824178789	2.91793094764
2.36421181776	2.91822938056
2.37018184762	2.91852781348
2.37615187748	2.91882624639
2.38212190734	2.91912467931
2.3880919372	2.91942311223
2.39406196707	2.91972154515
2.40003199693	2.92001997806
2.40600202679	2.92031841098
2.41197205665	2.9206168439
2.41794208652	2.92091527682
2.42391211638	2.92121370974
2.42988214624	2.92151214265
2.4358521761	2.92181057557
2.44182220596	2.92210900849
2.44779223583	2.92240744141
2.45376226569	2.92270587432
2.45973229555	2.92300430724
2.46570232541	2.92330274016
2.47167235528	2.92360117308
2.47764238514	2.92389960599
2.483612415	2.92419803891
2.48958244486	2.92449647183
2.49555247472	2.92479490475
2.50152250459	2.92509333767
2.50749253445	2.92539177058
2.51346256431	2.9256902035
2.51943259417	2.92598863642
2.52540262404	2.92628706934
2.5313726539	2.92658550225
2.53734268376	2.92688393517
2.54331271362	2.92718236809
2.54928274348	2.92748080101
2.55525277335	2.92777923392
2.56122280321	2.92807766684
2.56719283307	2.92837609976
2.57316286293	2.92867453268
2.5791328928	2.92897296559
2.58510292266	2.92927139851
2.59107295252	2.92956983143
2.59704298238	2.92986826435
2.60301301224	2.93016669727
2.60898304211	2.93046513018
2.61495307197	2.9307635631
2.62092310183	2.93106199602
2.62689313169	2.93136042894
2.63286316155	2.93165886185
2.63883319142	2.93195729477
2.64480322128	2.93225572769
2.65077325114	2.93255416061
2.656743281	2.93285259352
2.66271331087	2.93315102644
2.66868334073	2.93344945936
2.67465337059	2.93374789228
2.68062340045	2.9340463252
2.68659343031	2.93434475811
2.69256346018	2.93464319103
2.69853349004	2.93494162395
2.7045035199	2.93524005687
2.71047354976	2.93553848978
2.71644357963	2.9358369227
2.72241360949	2.93613535562
2.72838363935	2.93643378854
2.73435366921	2.93673222145
2.74032369907	2.93703065437
2.74629372894	2.93732908729
2.7522637588	2.93762752021
2.75823378866	2.93792595312
2.76420381852	2.93822438604
2.77017384839	2.93852281896
2.77614387825	2.93882125188
2.78211390811	2.9391196848
2.78808393797	2.93941811771
2.79405396783	2.93971655063
2.8000239977	2.94001498355
2.80599402756	2.94031341647
2.81196405742	2.94061184938
2.81793408728	2.9409102823
2.82390411715	2.94120871522
2.82987414701	2.94150714814
2.83584417687	2.94180558105
2.84181420673	2.94210401397
2.84778423659	2.94240244689
2.85375426646	2.94270087981
2.85972429632	2.94299931273
2.86569432618	2.94329774564
2.87166435604	2.94359617856
2.87763438591	2.94389461148
2.88360441577	2.9441930444
2.88957444563	2.94449147731
2.89554447549	2.94478991023
2.90151450535	2.94508834315
2.90748453522	2.94538677607
2.91345456508	2.94568520898
2.91942459494	2.9459836419
2.9253946248	2.94628207482
2.93136465467	2.94658050774
2.93733468453	2.94687894065
2.94330471439	2.94717737357
2.94927474425	2.94747580649
2.95524477411	2.94777423941
2.96121480398	2.94807267233
2.96718483384	2.94837110524
2.9731548637	2.94866953816
2.97912489356	2.94896797108
2.98509492343	2.949266404
2.99106495329	2.94956483691
2.99703498315	2.94986326983
3.00300501301	2.95016170275
3.00897504287	2.95046013567
3.01494507274	2.95075856858
3.0209151026	2.9510570015
3.02688513246	2.95135543442
3.03285516232	2.95165386734
3.03882519218	2.95195230026
3.04479522205	2.95225073317
3.05076525191	2.95254916609
3.05673528177	2.95284759901
3.06270531163	2.95314603193
3.0686753415	2.95344446484
3.07464537136	2.95374289776
3.08061540122	2.95404133068
3.08658543108	2.9543397636
3.09255546094	2.95463819651
3.09852549081	2.95493662943
3.10449552067	2.95523506235
3.11046555053	2.95553349527
3.11643558039	2.95583192818
3.12240561026	2.9561303611
3.12837564012	2.95642879402
3.13434566998	2.95672722694
3.14031569984	2.95702565986
3.1462857297	2.95732409277
3.15225575957	2.95762252569
3.15822578943	2.95792095861
3.16419581929	2.95821939153
3.17016584915	2.95851782444
3.17613587902	2.95881625736
3.18210590888	2.95911469028
3.18807593874	2.9594131232
3.1940459686	2.95971155611
3.20001599846	2.96000998903
3.20598602833	2.96030842195
3.21195605819	2.96060685487
3.21792608805	2.96090528779
3.22389611791	2.9612037207
3.22986614778	2.96150215362
3.23583617764	2.96180058654
3.2418062075	2.96209901946
3.24777623736	2.96239745237
3.25374626722	2.96269588529
3.25971629709	2.96299431821
3.26568632695	2.96329275113
3.27165635681	2.96359118404
3.27762638667	2.96388961696
3.28359641654	2.96418804988
3.2895664464	2.9644864828
3.29553647626	2.96478491572
3.30150650612	2.96508334863
3.30747653598	2.96538178155
3.31344656585	2.96568021447
3.31941659571	2.96597864739
3.32538662557	2.9662770803
3.33135665543	2.96657551322
3.3373266853	2.96687394614
3.34329671516	2.96717237906
3.34926674502	2.96747081197
3.35523677488	2.96776924489
3.36120680474	2.96806767781
3.36717683461	2.96836611073
3.37314686447	2.96866454364
3.37911689433	2.96896297656
3.38508692419	2.96926140948
3.39105695406	2.9695598424
3.39702698392	2.96985827532
3.40299701378	2.97015670823
3.40896704364	2.97045514115
3.4149370735	2.97075357407
3.42090710337	2.97105200699
3.42687713323	2.9713504399
3.43284716309	2.97164887282
3.43881719295	2.97194730574
3.44478722281	2.97224573866
3.45075725268	2.97254417157
3.45672728254	2.97284260449
3.4626973124	2.97314103741
3.46866734226	2.97343947033
3.47463737213	2.97373790325
3.48060740199	2.97403633616
3.48657743185	2.97433476908
3.49254746171	2.974633202
3.49851749157	2.97493163492
3.50448752144	2.97523006783
3.5104575513	2.97552850075
3.51642758116	2.97582693367
3.52239761102	2.97612536659
3.52836764089	2.9764237995
3.53433767075	2.97672223242
3.54030770061	2.97702066534
3.54627773047	2.97731909826
3.55224776033	2.97761753117
3.5582177902	2.97791596409
3.56418782006	2.97821439701
3.57015784992	2.97851282993
3.57612787978	2.97881126285
3.58209790965	2.97910969576
3.58806793951	2.97940812868
3.59403796937	2.9797065616
3.60000799923	2.98000499452
3.60597802909	2.98030342743
3.61194805896	2.98060186035
3.61791808882	2.98090029327
3.62388811868	2.98119872619
3.62985814854	2.9814971591
3.63582817841	2.98179559202
3.64179820827	2.98209402494
3.64776823813	2.98239245786
3.65373826799	2.98269089078
3.65970829785	2.98298932369
3.66567832772	2.98328775661
3.67164835758	2.98358618953
3.67761838744	2.98388462245
3.6835884173	2.98418305536
3.68955844717	2.98448148828
3.69552847703	2.9847799212
3.70149850689	2.98507835412
3.70746853675	2.98537678703
3.71343856661	2.98567521995
3.71940859648	2.98597365287
3.72537862634	2.98627208579
3.7313486562	2.9865705187
3.73731868606	2.98686895162
3.74328871593	2.98716738454
3.74925874579	2.98746581746
3.75522877565	2.98776425038
3.76119880551	2.98806268329
3.76716883537	2.98836111621
3.77313886524	2.98865954913
3.7791088951	2.98895798205
3.78507892496	2.98925641496
3.79104895482	2.98955484788
3.79701898469	2.9898532808
3.80298901455	2.99015171372
3.80895904441	2.99045014663
3.81492907427	2.99074857955
3.82089910413	2.99104701247
3.826869134	2.99134544539
3.83283916386	2.99164387831
3.83880919372	2.99194231122
3.84477922358	2.99224074414
3.85074925344	2.99253917706
3.85671928331	2.99283760998
3.86268931317	2.99313604289
3.86865934303	2.99343447581
3.87462937289	2.99373290873
3.88059940276	2.99403134165
3.88656943262	2.99432977456
3.89253946248	2.99462820748
3.89850949234	2.9949266404
3.9044795222	2.99522507332
3.91044955207	2.99552350623
3.91641958193	2.99582193915
3.92238961179	2.99612037207
3.92835964165	2.99641880499
3.93432967152	2.99671723791
3.94029970138	2.99701567082
3.94626973124	2.99731410374
3.9522397611	2.99761253666
3.95820979096	2.99791096958
3.96417982083	2.99820940249
3.97014985069	2.99850783541
3.97611988055	2.99880626833
3.98208991041	2.99910470125
3.98805994028	2.99940313416
3.99402997014	2.99970156708
4.0	3.0
4.0	3.0
4.01505474689	3.01790372736
4.03005694743	3.03586688094
4.04500705209	3.05389019138
4.05990552023	3.07197439839
4.07475281563	3.09012025185
4.08954940165	3.10832851305
4.10429573608	3.126599956
4.11899226562	3.14493536885
4.13363942	3.16333555535
4.14823760587	3.18180133644
4.16278720026	3.20033355191
4.17728854391	3.21893306212
4.19174193418	3.2376007498
4.20614761784	3.25633752184
4.22050578362	3.27514431123
4.23481655456	3.29402207896
4.24907998026	3.3129718159
4.26329602904	3.33199454477
4.27746458001	3.351091322
4.2915854152	3.37026323959
4.30565821173	3.38951142688
4.3196825341	3.4088370522
4.33365782672	3.42824132443
4.34758340663	3.44772549436
4.36145845667	3.46729085584
4.37528201898	3.48693874675
4.38902716018	3.50674773478
4.40274240378	3.52657084421
4.41640225811	3.54648118513
4.43000514142	3.56648030037
4.44354930817	3.58656977759
4.45703284697	3.60675124789
4.47045367984	3.62702638385
4.4838462732	3.64739957065
4.49717290729	3.66782367882
4.51039570947	3.68838332357
4.52365110309	3.70896536875
4.53673310633	3.72972220282
4.54973788707	3.7505821342
4.5626624005	3.77154689564
4.57550348573	3.79261821267
4.58825787819	3.81379779507
4.6009222235	3.83508732774
4.6134745414	3.85650950018
4.62594495998	3.87802781589
4.63831427723	3.89966158636
4.65057884611	3.92141240738
4.66273500365	3.94328181299
4.67477908951	3.96527126609
4.68670746496	3.98738214916
4.698516532	4.00961575527
4.71027966994	4.03193618035
4.72184602867	4.05441344327
4.73328403447	4.07701585284
4.74459060742	4.09974415289
4.75573768042	4.12261211824
4.76676797078	4.14559637316
4.77765782254	4.16870827536
4.78840477796	4.19194802125
4.79897511535	4.21530850196
4.80942443156	4.23880266067
4.81972395941	4.26242411195
4.82987203724	4.28617239152
4.83986724294	4.31004687257
4.8497084002	4.33404676683
4.85939458336	4.35817112624
4.86890909093	4.38243110235
4.87827943971	4.40680408138
4.88752435516	4.43129201155
4.89658359443	4.45590586164
4.90548594945	4.480638205
4.91423175775	4.50548742851
4.92282155722	4.53045182436
4.93125607554	4.55552959948
4.9395362184	4.58071888507
4.94766305664	4.60601774633
4.95562718406	4.63143019993
4.96344858539	4.65694367389
4.97112019986	4.682560923
4.9786149069	4.70830949732
4.98598825338	4.73413143202
4.99321621225	4.76005126462
5.00030046324	4.78606693429
5.00729719308	4.81216152684
5.01410721475	4.83836051458
5.02077979898	4.8646488917
5.0273168402	4.89102458072
5.03372025171	4.91748550226
5.03999196597	4.94402956929
5.04613393895	4.97065467854
5.05214815915	4.99735869907
5.05803666191	5.02413945752
5.06382531642	5.05098428853
5.06946312223	5.07791290531
5.07498220252	5.10491109572
5.08038500509	5.13197630269
5.08565926088	5.15912195608
5.09083523258	5.18631550723
5.09588675967	5.21358300643
5.10084818075	5.24089257687
5.1057399125	5.26822386855
5.11050914856	5.29562863455
5.11518875253	5.32307535976
5.11978497111	5.35055866155
5.12434532087	5.37804413987
5.12879682262	5.40558402314
5.13319346617	5.43313606878
5.1375410001	5.46069675485
5.14185056193	5.48825729033
5.14613441899	5.51580810153
5.15041946583	5.54332827835
5.15469722047	5.57082464648
5.15899287387	5.5982780788
5.16331920134	5.62567833344
5.16770293731	5.65298919651
5.17215643253	5.68022431755
5.17669953754	5.70735682854
5.18135158058	5.73436960408
5.18613218039	5.76124418582
5.19102296238	5.78798104982
5.19604580461	5.81457457415
5.20133261734	5.84090269828
5.20682452825	5.86699991164
5.21253984553	5.89283572649
5.21849597034	5.91837594408
5.22470914784	5.94358239578
5.23119420516	5.9684129584
5.23795869998	5.99283663218
5.24504077119	6.01676956466
5.25235650888	6.04015730949
5.2600396871	6.06301900077
5.26802160717	6.08526888454
5.27633733423	6.106860438
5.28497917544	6.12775642349
5.29393987459	6.14794864658
5.30322445565	6.16742091073
5.31283556014	6.18617588913
5.32277975622	6.20422348538
5.33307690017	6.22160201547
5.34370486561	6.23834095181
5.35471023899	6.25447007827
5.36610795122	6.27004029384
5.37792683576	6.28509277098
5.39020254774	6.29966398309
5.40297920677	6.31378581788
5.4163126181	6.32748982045
5.43028351468	6.34080903689
5.44497284958	6.35380560303
5.46053348268	6.3665292854
5.47708522466	6.37905045801
5.49483207524	6.39141318717
5.51399372903	6.40364848564
5.53477267453	6.415552507
5.55733115966	6.42700893891
5.58178056333	6.43771213888
5.6081750993	6.44740408464
5.63626743126	6.45602601398
5.66590126917	6.46363596244
5.69685494855	6.47054324219
5.72903090552	6.4770026788
5.76215525556	6.48322921397
5.79617650659	6.48924779706
5.83085382936	6.49513939163
5.8658549788	6.50125478221
5.90075160146	6.50813907061
5.93514055906	6.51616988564
5.96868681443	6.52539269448
6.00134219789	6.53564034593
6.03344741935	6.54652738126
6.06559558393	6.55782064145
6.09781884671	6.57015434224
6.13006984909	6.58493490706
6.16289575082	6.60306258422
6.19693113932	6.62543740215
6.23195187637	6.65397062248
6.26909541481	6.68751763804
6.3107089364	6.722473834
6.38386492788	6.73294344046
6.52726261155	6.74807789227
6.71365866123	6.74500955911
6.90248775687	6.749739407
7.10034222506	6.74306111739
7.28177746003	6.74722998472
7.45708806602	6.75213370237
7.63551579812	6.74554494447
7.80305176853	6.74504442047
7.91438671998	6.74983672433
8.00603833716	6.75126445398
8.08709406425	6.75656346618
8.16527794826	6.761030691
8.24064095176	6.76576118853
8.30962694394	6.77243603093
8.37553279661	6.77661167649
8.43623074507	6.78184487373
8.4902974648	6.78939565234
8.53831324218	6.79559231551
8.58103000159	6.79899404345
8.61907252407	6.80041903467
8.65345365451	6.80016533508
8.68520666594	6.79828218986
8.7152254007	6.79527505212
8.74409677577	6.79178464386
8.77220209642	6.78818459877
8.79979673722	6.78451439794
8.82705193859	6.78067708782
8.85414327802	6.77665632729
8.88115482282	6.77258194809
8.90823360578	6.76856604245
8.93536748706	6.76482706195
8.96276325331	6.76123797396
8.99031494484	6.75804685938
9.01812075135	6.75513678644
9.04611686131	6.75260064219
9.07433833285	6.7504100504
9.10270744819	6.74862935328
9.1313094963	6.74722682029
9.16007694138	6.746267757
9.18907726547	6.74576168493
9.21834137124	6.7457475176
9.24786061714	6.74620701649
9.27765602684	6.74718095416
9.30775034058	6.74869251303
9.33814201532	6.75069871238
9.36884488437	6.7532015928
9.39980780108	6.75620852586
9.43112797048	6.75961592034
9.46275330705	6.76341660597
9.49466600725	6.76757298444
9.52687137052	6.7720320802
9.559370163	6.77676393614
9.592080256	6.78170174885
9.62503238037	6.78684871346
9.65819071745	6.79216363937
9.691552302	6.79759894181
9.72509941007	6.80313346665
9.75885750891	6.80873324044
9.79270652506	6.81443224966
9.82669504114	6.82018273869
9.86079650115	6.82598736003
9.89500698846	6.83183067511
9.92931585723	6.83770644979
9.96372314589	6.84360214712
9.99820629369	6.84950825341
10.0327558708	6.85546303739
10.0673680003	6.86145494989
10.1020508831	6.86743698854
10.1367956095	6.8734260656
10.1715706027	6.87944601362
10.2064665262	6.8854185692
10.2413901961	6.89139924051
10.2763655133	6.89738384108
10.3114066729	6.90333943894
10.3465106212	6.90927095271
10.3816943169	6.91515655161
10.4169297736	6.92102120285
10.4522389727	6.92683803426
10.4876368026	6.9325902268
10.5229763397	6.93836536697
10.5586453348	6.94390576862
10.5942412811	6.94947368059
10.6300259457	6.95491143913
10.6658551934	6.96029089866
10.7017787284	6.96557594056
10.7377975255	6.97076344254
10.7739177575	6.97584274173
10.8101198434	6.98083989735
10.8464201591	6.9857294831
10.8828092406	6.9905229445
10.9192826513	6.99522448306
10.9558348106	6.99983988869
10.9924590174	7.00437651274
11.0291474938	7.00884321127
11.0658914461	7.01325025908
11.1026811449	7.01760923522
11.1395060227	7.0219328814
11.1763547867	7.02623493498
11.213215548	7.03052993904
11.2500759626	7.03483303266
11.2869059578	7.03908681998
11.3237264446	7.04344637864
11.3605154527	7.04785101117
11.3972956463	7.0523225687
11.433955055	7.05689342294
11.4705538756	7.06154698644
11.5070507179	7.06632855712
11.5434527435	7.07123075806
11.5797502621	7.07626396232
11.6159280651	7.08146396119
11.6519910984	7.08678599018
11.6879269854	7.09226047952
11.723720911	7.09791898685
11.7593859115	7.10371347473
11.7949111816	7.10966720702
11.830294843	7.11577891067
11.8655360572	7.12204578272
11.900633281	7.12851078522
11.9355955698	7.13507151938
11.9704177693	7.14177223247
12.0051025216	7.14860512621
12.0396530626	7.15556158828
12.0740731212	7.16263235487
12.1083937196	7.16978223377
12.1425611229	7.17705613854
12.1766118946	7.18441360314
12.2105506728	7.19184443397
12.2443821422	7.19933853413
12.2781109549	7.20688603623
12.3117381518	7.21450035135
12.3452744084	7.22213110757
12.3787209547	7.22978892721
12.4120816356	7.23746604978
12.4453185513	7.24516501128
12.4785237664	7.2528590641
12.511651675	7.26055392658
12.5447047335	7.26824503169
12.5776849507	7.27592870659
12.6105938824	7.28360217975
12.6434326317	7.29126357542
12.6762018558	7.29891189632
12.7089017788	7.30654699486
12.7415334474	7.31419757517
12.7740939959	7.32181413971
12.8065835383	7.32942251133
12.8390007894	7.33702555901
12.8713441619	7.34462672679
12.9036118027	7.35222995669
12.9358133657	7.3598238937
12.9679214166	7.36744693122
12.9999681497	7.37506764839
13.031915311	7.38271279838
13.06376424	7.39040444882
13.0955340342	7.39809931467
13.1272009381	7.40585862331
13.158773112	7.41365850164
13.1903892523	7.4214130929
13.2217653536	7.42928949066
13.2530297571	7.43724714328
13.2841904704	7.44526185872
13.3152455099	7.45333698606
13.3461930947	7.4614754018
13.3770316599	7.46967948797
13.4078862371	7.47795153433
13.4384967361	7.48629222909
13.4689951767	7.49470266972
13.4993808963	7.50318320389
13.5297354962	7.51167739274
13.5598862864	7.52030411912
13.5899246176	7.52899826035
13.6198505823	7.53775849365
13.6496644767	7.54658310553
13.6793667879	7.55547002927
13.7089581781	7.56441688364
13.7384394713	7.57342101187
13.7678116375	7.58247952068
13.7970757791	7.59158931843
13.8262331166	7.60074715219
13.8552849751	7.60994964329
13.8842327719	7.6191933209
13.9130780042	7.62847465374
13.9418222382	7.63779007935
13.9704670984	7.64713603119
13.9990142587	7.65650896325
14.0274654334	7.66590537224
14.0558223692	7.67532181753
14.0840868386	7.68475493856
14.1122622267	7.69425078336
14.1403439707	7.70360837999
14.1683067545	7.7131686031
14.1962234745	7.72263179191
14.2240563526	7.73209704257
14.2518072432	7.7415616747
14.2794779908	7.75102315744
14.3070704282	7.76047911181
14.3345863739	7.76992731179
14.3620276305	7.77936568423
14.3893959828	7.7887923078
14.4166931967	7.79820541087
14.4439210174	7.80760336879
14.4710811691	7.81698470033
14.4981753532	7.82634806362
14.525205248	7.8356922516
14.552172508	7.84501618709
14.5790826388	7.85429781224
14.6059289346	7.86358154436
14.6327174805	7.87284212819
14.6594498219	7.8820789935
14.6861274781	7.89129166922
14.7127519421	7.90047977778
14.7393246806	7.90964302956
14.7658571691	7.91875363255
14.792329164	7.92787098451
14.8187539113	7.93696242849
14.8451327353	7.94602806906
14.8714669376	7.95506806159
14.8977577966	7.96408260966
14.9240065663	7.97307196245
14.9502144767	7.98203641239
14.9763827329	7.99097629283
15.002512515	7.99989197597
15.0	8.0
15.0050125313	7.99498746867
15.0100250627	7.98997493734
15.015037594	7.98496240602
15.0200501253	7.97994987469
15.0250626566	7.97493734336
15.030075188	7.96992481203
15.0350877193	7.9649122807
15.0401002506	7.95989974937
15.045112782	7.95488721805
15.0501253133	7.94987468672
15.0551378446	7.94486215539
15.0601503759	7.93984962406
15.0651629073	7.93483709273
15.0701754386	7.9298245614
15.0751879699	7.92481203008
15.0802005013	7.91979949875
15.0852130326	7.91478696742
15.0902255639	7.90977443609
15.0952380952	7.90476190476
15.1002506266	7.89974937343
15.1052631579	7.89473684211
15.1102756892	7.88972431078
15.1152882206	7.88471177945
15.1203007519	7.87969924812
15.1253132832	7.87468671679
15.1303258145	7.86967418546
15.1353383459	7.86466165414
15.1403508772	7.85964912281
15.1453634085	7.85463659148
15.1503759398	7.84962406015
15.1553884712	7.84461152882
15.1604010025	7.83959899749
15.1654135338	7.83458646617
15.1704260652	7.82957393484
15.1754385965	7.82456140351
15.1804511278	7.81954887218
15.1854636591	7.81453634085
15.1904761905	7.80952380952
15.1954887218	7.8045112782
15.2005012531	7.79949874687
15.2055137845	7.79448621554
15.2105263158	7.78947368421
15.2155388471	7.78446115288
15.2205513784	7.77944862155
15.2255639098	7.77443609023
15.2305764411	7.7694235589
15.2355889724	7.76441102757
15.2406015038	7.75939849624
15.2456140351	7.75438596491
15.2506265664	7.74937343358
15.2556390977	7.74436090226
15.2606516291	7.73934837093
15.2656641604	7.7343358396
15.2706766917	7.72932330827
15.2756892231	7.72431077694
15.2807017544	7.71929824561
15.2857142857	7.71428571429
15.290726817	7.70927318296
15.2957393484	7.70426065163
15.3007518797	7.6992481203
15.305764411	7.69423558897
15.3107769424	7.68922305764
15.3157894737	7.68421052632
15.320802005	7.67919799499
15.3258145363	7.67418546366
15.3308270677	7.66917293233
15.335839599	7.664160401
15.3408521303	7.65914786967
15.3458646617	7.65413533835
15.350877193	7.64912280702
15.3558897243	7.64411027569
15.3609022556	7.63909774436
15.365914787	7.63408521303
15.3709273183	7.6290726817
15.3759398496	7.62406015038
15.380952381	7.61904761905
15.3859649123	7.61403508772
15.3909774436	7.60902255639
15.3959899749	7.60401002506
15.4010025063	7.59899749373
15.4060150376	7.59398496241
15.4110275689	7.58897243108
15.4160401003	7.58395989975
15.4210526316	7.57894736842
15.4260651629	7.57393483709
15.4310776942	7.56892230576
15.4360902256	7.56390977444
15.4411027569	7.55889724311
15.4461152882	7.55388471178
15.4511278195	7.54887218045
15.4561403509	7.54385964912
15.4611528822	7.53884711779
15.4661654135	7.53383458647
15.4711779449	7.52882205514
15.4761904762	7.52380952381
15.4812030075	7.51879699248
15.4862155388	7.51378446115
15.4912280702	7.50877192982
15.4962406015	7.5037593985
15.5012531328	7.49874686717
15.5062656642	7.49373433584
15.5112781955	7.48872180451
15.5162907268	7.48370927318
15.5213032581	7.47869674185
15.5263157895	7.47368421053
15.5313283208	7.4686716792
15.5363408521	7.46365914787
15.5413533835	7.45864661654
15.5463659148	7.45363408521
15.5513784461	7.44862155388
15.5563909774	7.44360902256
15.5614035088	7.43859649123
15.5664160401	7.4335839599
15.5714285714	7.42857142857
15.5764411028	7.42355889724
15.5814536341	7.41854636591
15.5864661654	7.41353383459
15.5914786967	7.40852130326
15.5964912281	7.40350877193
15.6015037594	7.3984962406
15.6065162907	7.39348370927
15.6115288221	7.38847117794
15.6165413534	7.38345864662
15.6215538847	7.37844611529
15.626566416	7.37343358396
15.6315789474	7.36842105263
15.6365914787	7.3634085213
15.64160401	7.35839598997
15.6466165414	7.35338345865
15.6516290727	7.34837092732
15.656641604	7.34335839599
15.6616541353	7.33834586466
15.6666666667	7.33333333333
15.671679198	7.32832080201
15.6766917293	7.32330827068
15.6817042607	7.31829573935
15.686716792	7.31328320802
15.6917293233	7.30827067669
15.6967418546	7.30325814536
15.701754386	7.29824561404
15.7067669173	7.29323308271
15.7117794486	7.28822055138
15.7167919799	7.28320802005
15.7218045113	7.27819548872
15.7268170426	7.27318295739
15.7318295739	7.26817042607
15.7368421053	7.26315789474
15.7418546366	7.25814536341
15.7468671679	7.25313283208
15.7518796992	7.24812030075
15.7568922306	7.24310776942
15.7619047619	7.2380952381
15.7669172932	7.23308270677
15.7719298246	7.22807017544
15.7769423559	7.22305764411
15.7819548872	7.21804511278
15.7869674185	7.21303258145
15.7919799499	7.20802005013
15.7969924812	7.2030075188
15.8020050125	7.19799498747
15.8070175439	7.19298245614
15.8120300752	7.18796992481
15.8170426065	7.18295739348
15.8220551378	7.17794486216
15.8270676692	7.17293233083
15.8320802005	7.1679197995
15.8370927318	7.16290726817
15.8421052632	7.15789473684
15.8471177945	7.15288220551
15.8521303258	7.14786967419
15.8571428571	7.14285714286
15.8621553885	7.13784461153
15.8671679198	7.1328320802
15.8721804511	7.12781954887
15.8771929825	7.12280701754
15.8822055138	7.11779448622
15.8872180451	7.11278195489
15.8922305764	7.10776942356
15.8972431078	7.10275689223
15.9022556391	7.0977443609
15.9072681704	7.09273182957
15.9122807018	7.08771929825
15.9172932331	7.08270676692
15.9223057644	7.07769423559
15.9273182957	7.07268170426
15.9323308271	7.06766917293
15.9373433584	7.0626566416
15.9423558897	7.05764411028
15.9473684211	7.05263157895
15.9523809524	7.04761904762
15.9573934837	7.04260651629
15.962406015	7.03759398496
15.9674185464	7.03258145363
15.9724310777	7.02756892231
15.977443609	7.02255639098
15.9824561404	7.01754385965
15.9874686717	7.01253132832
15.992481203	7.00751879699
15.9974937343	7.00250626566
16.0025062657	6.99749373434
16.007518797	6.99248120301
16.0125313283	6.98746867168
16.0175438596	6.98245614035
16.022556391	6.97744360902
16.0275689223	6.97243107769
16.0325814536	6.96741854637
16.037593985	6.96240601504
16.0426065163	6.95739348371
16.0476190476	6.95238095238
16.0526315789	6.94736842105
16.0576441103	6.94235588972
16.0626566416	6.9373433584
16.0676691729	6.93233082707
16.0726817043	6.92731829574
16.0776942356	6.92230576441
16.0827067669	6.91729323308
16.0877192982	6.91228070175
16.0927318296	6.90726817043
16.0977443609	6.9022556391
16.1027568922	6.89724310777
16.1077694236	6.89223057644
16.1127819549	6.88721804511
16.1177944862	6.88220551378
16.1228070175	6.87719298246
16.1278195489	6.87218045113
16.1328320802	6.8671679198
16.1378446115	6.86215538847
16.1428571429	6.85714285714
16.1478696742	6.85213032581
16.1528822055	6.84711779449
16.1578947368	6.84210526316
16.1629072682	6.83709273183
16.1679197995	6.8320802005
16.1729323308	6.82706766917
16.1779448622	6.82205513784
16.1829573935	6.81704260652
16.1879699248	6.81203007519
16.1929824561	6.80701754386
16.1979949875	6.80200501253
16.2030075188	6.7969924812
16.2080200501	6.79197994987
16.2130325815	6.78696741855
16.2180451128	6.78195488722
16.2230576441	6.77694235589
16.2280701754	6.77192982456
16.2330827068	6.76691729323
16.2380952381	6.7619047619
16.2431077694	6.75689223058
16.2481203008	6.75187969925
16.2531328321	6.74686716792
16.2581453634	6.74185463659
16.2631578947	6.73684210526
16.2681704261	6.73182957393
16.2731829574	6.72681704261
16.2781954887	6.72180451128
16.2832080201	6.71679197995
16.2882205514	6.71177944862
16.2932330827	6.70676691729
16.298245614	6.70175438596
16.3032581454	6.69674185464
16.3082706767	6.69172932331
16.313283208	6.68671679198
16.3182957393	6.68170426065
16.3233082707	6.67669172932
16.328320802	6.67167919799
16.3333333333	6.66666666667
16.3383458647	6.66165413534
16.343358396	6.65664160401
16.3483709273	6.65162907268
16.3533834586	6.64661654135
16.35839599	6.64160401003
16.3634085213	6.6365914787
16.3684210526	6.63157894737
16.373433584	6.62656641604
16.3784461153	6.62155388471
16.3834586466	6.61654135338
16.3884711779	6.61152882206
16.3934837093	6.60651629073
16.3984962406	6.6015037594
16.4035087719	6.59649122807
16.4085213033	6.59147869674
16.4135338346	6.58646616541
16.4185463659	6.58145363409
16.4235588972	6.57644110276
16.4285714286	6.57142857143
16.4335839599	6.5664160401
16.4385964912	6.56140350877
16.4436090226	6.55639097744
16.4486215539	6.55137844612
16.4536340852	6.54636591479
16.4586466165	6.54135338346
16.4636591479	6.53634085213
16.4686716792	6.5313283208
16.4736842105	6.52631578947
16.4786967419	6.52130325815
16.4837092732	6.51629072682
16.4887218045	6.51127819549
16.4937343358	6.50626566416
16.4987468672	6.50125313283
16.5037593985	6.4962406015
16.5087719298	6.49122807018
16.5137844612	6.48621553885
16.5187969925	6.48120300752
16.5238095238	6.47619047619
16.5288220551	6.47117794486
16.5338345865	6.46616541353
16.5388471178	6.46115288221
16.5438596491	6.45614035088
16.5488721805	6.45112781955
16.5538847118	6.44611528822
16.5588972431	6.44110275689
16.5639097744	6.43609022556
16.5689223058	6.43107769424
16.5739348371	6.42606516291
16.5789473684	6.42105263158
16.5839598997	6.41604010025
16.5889724311	6.41102756892
16.5939849624	6.40601503759
16.5989974937	6.40100250627
16.6040100251	6.39598997494
16.6090225564	6.39097744361
16.6140350877	6.38596491228
16.619047619	6.38095238095
16.6240601504	6.37593984962
16.6290726817	6.3709273183
16.634085213	6.36591478697
16.6390977444	6.36090225564
16.6441102757	6.35588972431
16.649122807	6.35087719298
16.6541353383	6.34586466165
16.6591478697	6.34085213033
16.664160401	6.335839599
16.6691729323	6.33082706767
16.6741854637	6.32581453634
16.679197995	6.32080200501
16.6842105263	6.31578947368
16.6892230576	6.31077694236
16.694235589	6.30576441103
16.6992481203	6.3007518797
16.7042606516	6.29573934837
16.709273183	6.29072681704
16.7142857143	6.28571428571
16.7192982456	6.28070175439
16.7243107769	6.27568922306
16.7293233083	6.27067669173
16.7343358396	6.2656641604
16.7393483709	6.26065162907
16.7443609023	6.25563909774
16.7493734336	6.25062656642
16.7543859649	6.24561403509
16.7593984962	6.24060150376
16.7644110276	6.23558897243
16.7694235589	6.2305764411
16.7744360902	6.22556390977
16.7794486216	6.22055137845
16.7844611529	6.21553884712
16.7894736842	6.21052631579
16.7944862155	6.20551378446
16.7994987469	6.20050125313
16.8045112782	6.1954887218
16.8095238095	6.19047619048
16.8145363409	6.18546365915
16.8195488722	6.18045112782
16.8245614035	6.17543859649
16.8295739348	6.17042606516
16.8345864662	6.16541353383
16.8395989975	6.16040100251
16.8446115288	6.15538847118
16.8496240602	6.15037593985
16.8546365915	6.14536340852
16.8596491228	6.14035087719
16.8646616541	6.13533834586
16.8696741855	6.13032581454
16.8746867168	6.12531328321
16.8796992481	6.12030075188
16.8847117794	6.11528822055
16.8897243108	6.11027568922
16.8947368421	6.10526315789
16.8997493734	6.10025062657
16.9047619048	6.09523809524
16.9097744361	6.09022556391
16.9147869674	6.08521303258
16.9197994987	6.08020050125
16.9248120301	6.07518796992
16.9298245614	6.0701754386
16.9348370927	6.06516290727
16.9398496241	6.06015037594
16.9448621554	6.05513784461
16.9498746867	6.05012531328
16.954887218	6.04511278195
16.9598997494	6.04010025063
16.9649122807	6.0350877193
16.969924812	6.03007518797
16.9749373434	6.02506265664
16.9799498747	6.02005012531
16.984962406	6.01503759398
16.9899749373	6.01002506266
16.9949874687	6.00501253133
17.0	6.0
17.0	6.0
17.0027272269	5.99485165223
17.0054544537	5.98970330445
17.0081816806	5.98455495668
17.0109089075	5.9794066089
17.0136361343	5.97425826113
17.0163633612	5.96910991335
17.019090588	5.96396156558
17.0218178149	5.9588132178
17.0245450418	5.95366487003
17.0272722686	5.94851652225
17.0299994955	5.94336817448
17.0327267224	5.9382198267
17.0354539492	5.93307147893
17.0381811761	5.92792313115
17.040908403	5.92277478338
17.0436356298	5.9176264356
17.0463628567	5.91247808783
17.0490900836	5.90732974005
17.0518173104	5.90218139228
17.0545445373	5.8970330445
17.0572717641	5.89188469673
17.059998991	5.88673634896
17.0627262179	5.88158800118
17.0654534447	5.87643965341
17.0681806716	5.87129130563
17.0709078985	5.86614295786
17.0736351253	5.86099461008
17.0763623522	5.85584626231
17.0790895791	5.85069791453
17.0818168059	5.84554956676
17.0845440328	5.84040121898
17.0872712597	5.83525287121
17.0899984865	5.83010452343
17.0927257134	5.82495617566
17.0954529402	5.81980782788
17.0981801671	5.81465948011
17.100907394	5.80951113233
17.1036346208	5.80436278456
17.1063618477	5.79921443678
17.1090890746	5.79406608901
17.1118163014	5.78891774123
17.1145435283	5.78376939346
17.1172707552	5.77862104569
17.119997982	5.77347269791
17.1227252089	5.76832435014
17.1254524358	5.76317600236
17.1281796626	5.75802765459
17.1309068895	5.75287930681
17.1336341163	5.74773095904
17.1363613432	5.74258261126
17.1390885701	5.73743426349
17.1418157969	5.73228591571
17.1445430238	5.72713756794
17.1472702507	5.72198922016
17.1499974775	5.71684087239
17.1527247044	5.71169252461
17.1554519313	5.70654417684
17.1581791581	5.70139582906
17.160906385	5.69624748129
17.1636336118	5.69109913351
17.1663608387	5.68595078574
17.1690880656	5.68080243796
17.1718152924	5.67565409019
17.1745425193	5.67050574242
17.1772697462	5.66535739464
17.179996973	5.66020904687
17.1827241999	5.65506069909
17.1854514268	5.64991235132
17.1881786536	5.64476400354
17.1909058805	5.63961565577
17.1936331074	5.63446730799
17.1963603342	5.62931896022
17.1990875611	5.62417061244
17.2018147879	5.61902226467
17.2045420148	5.61387391689
17.2072692417	5.60872556912
17.2099964685	5.60357722134
17.2127236954	5.59842887357
17.2154509223	5.59328052579
17.2181781491	5.58813217802
17.220905376	5.58298383024
17.2236326029	5.57783548247
17.2263598297	5.57268713469
17.2290870566	5.56753878692
17.2318142835	5.56239043915
17.2345415103	5.55724209137
17.2372687372	5.5520937436
17.239995964	5.54694539582
17.2427231909	5.54179704805
17.2454504178	5.53664870027
17.2481776446	5.5315003525
17.2509048715	5.52635200472
17.2536320984	5.52120365695
17.2563593252	5.51605530917
17.2590865521	5.5109069614
17.261813779	5.50575861362
17.2645410058	5.50061026585
17.2672682327	5.49546191807
17.2699954596	5.4903135703
17.2727226864	5.48516522252
17.2754499133	5.48001687475
17.2781771401	5.47486852697
17.280904367	5.4697201792
17.2836315939	5.46457183142
17.2863588207	5.45942348365
17.2890860476	5.45427513588
17.2918132745	5.4491267881
17.2945405013	5.44397844033
17.2972677282	5.43883009255
17.2999949551	5.43368174478
17.3027221819	5.428533397
17.3054494088	5.42338504923
17.3081766357	5.41823670145
17.3109038625	5.41308835368
17.3136310894	5.4079400059
17.3163583162	5.40279165813
17.3190855431	5.39764331035
17.32181277	5.39249496258
17.3245399968	5.3873466148
17.3272672237	5.38219826703
17.3299944506	5.37704991925
17.3327216774	5.37190157148
17.3354489043	5.3667532237
17.3381761312	5.36160487593
17.340903358	5.35645652815
17.3436305849	5.35130818038
17.3463578117	5.34615983261
17.3490850386	5.34101148483
17.3518122655	5.33586313706
17.3545394923	5.33071478928
17.3572667192	5.32556644151
17.3599939461	5.32041809373
17.3627211729	5.31526974596
17.3654483998	5.31012139818
17.3681756267	5.30497305041
17.3709028535	5.29982470263
17.3736300804	5.29467635486
17.3763573073	5.28952800708
17.3790845341	5.28437965931
17.381811761	5.27923131153
17.3845389878	5.27408296376
17.3872662147	5.26893461598
17.3899934416	5.26378626821
17.3927206684	5.25863792043
17.3954478953	5.25348957266
17.3981751222	5.24834122488
17.400902349	5.24319287711
17.4036295759	5.23804452934
17.4063568028	5.23289618156
17.4090840296	5.22774783379
17.4118112565	5.22259948601
17.4145384834	5.21745113824
17.4172657102	5.21230279046
17.4199929371	5.20715444269
17.4227201639	5.20200609491
17.4254473908	5.19685774714
17.4281746177	5.19170939936
17.4309018445	5.18656105159
17.4336290714	5.18141270381
17.4363562983	5.17626435604
17.4390835251	5.17111600826
17.441810752	5.16596766049
17.4445379789	5.16081931271
17.4472652057	5.15567096494
17.4499924326	5.15052261716
17.4527196595	5.14537426939
17.4554468863	5.14022592161
17.4581741132	5.13507757384
17.46090134	5.12992922607
17.4636285669	5.12478087829
17.4663557938	5.11963253052
17.4690830206	5.11448418274
17.4718102475	5.10933583497
17.4745374744	5.10418748719
17.4772647012	5.09903913942
17.4799919281	5.09389079164
17.482719155	5.08874244387
17.4854463818	5.08359409609
17.4881736087	5.07844574832
17.4909008355	5.07329740054
17.4936280624	5.06814905277
17.4963552893	5.06300070499
17.4990825161	5.05785235722
17.501809743	5.05270400944
17.5045369699	5.04755566167
17.5072641967	5.04240731389
17.5099914236	5.03725896612
17.5127186505	5.03211061834
17.5154458773	5.02696227057
17.5181731042	5.0218139228
17.5209003311	5.01666557502
17.5236275579	5.01151722725
17.5263547848	5.00636887947
17.5290820116	5.0012205317
17.5318092385	4.99607218392
17.5345364654	4.99092383615
17.5372636922	4.98577548837
17.5399909191	4.9806271406
17.542718146	4.97547879282
17.5454453728	4.97033044505
17.5481725997	4.96518209727
17.5508998266	4.9600337495
17.5536270534	4.95488540172
17.5563542803	4.94973705395
17.5590815072	4.94458870617
17.561808734	4.9394403584
17.5645359609	4.93429201062
17.5672631877	4.92914366285
17.5699904146	4.92399531507
17.5727176415	4.9188469673
17.5754448683	4.91369861953
17.5781720952	4.90855027175
17.5808993221	4.90340192398
17.5836265489	4.8982535762
17.5863537758	4.89310522843
17.5890810027	4.88795688065
17.5918082295	4.88280853288
17.5945354564	4.8776601851
17.5972626833	4.87251183733
17.5999899101	4.86736348955
17.602717137	4.86221514178
17.6054443638	4.857066794
17.6081715907	4.85191844623
17.6108988176	4.84677009845
17.6136260444	4.84162175068
17.6163532713	4.8364734029
17.6190804982	4.83132505513
17.621807725	4.82617670735
17.6245349519	4.82102835958
17.6272621788	4.8158800118
17.6299894056	4.81073166403
17.6327166325	4.80558331626
17.6354438593	4.80043496848
17.6381710862	4.79528662071
17.6408983131	4.79013827293
17.6436255399	4.78498992516
17.6463527668	4.77984157738
17.6490799937	4.77469322961
17.6518072205	4.76954488183
17.6545344474	4.76439653406
17.6572616743	4.75924818628
17.6599889011	4.75409983851
17.662716128	4.74895149073
17.6654433549	4.74380314296
17.6681705817	4.73865479518
17.6708978086	4.73350644741
17.6736250354	4.72835809963
17.6763522623	4.72320975186
17.6790794892	4.71806140408
17.681806716	4.71291305631
17.6845339429	4.70776470853
17.6872611698	4.70261636076
17.6899883966	4.69746801299
17.6927156235	4.69231966521
17.6954428504	4.68717131744
17.6981700772	4.68202296966
17.7008973041	4.67687462189
17.703624531	4.67172627411
17.7063517578	4.66657792634
17.7090789847	4.66142957856
17.7118062115	4.65628123079
17.7145334384	4.65113288301
17.7172606653	4.64598453524
17.7199878921	4.64083618746
17.722715119	4.63568783969
17.7254423459	4.63053949191
17.7281695727	4.62539114414
17.7308967996	4.62024279636
17.7336240265	4.61509444859
17.7363512533	4.60994610081
17.7390784802	4.60479775304
17.7418057071	4.59964940526
17.7445329339	4.59450105749
17.7472601608	4.58935270972
17.7499873876	4.58420436194
17.7527146145	4.57905601417
17.7554418414	4.57390766639
17.7581690682	4.56875931862
17.7608962951	4.56361097084
17.763623522	4.55846262307
17.7663507488	4.55331427529
17.7690779757	4.54816592752
17.7718052026	4.54301757974
17.7745324294	4.53786923197
17.7772596563	4.53272088419
17.7799868831	4.52757253642
17.78271411	4.52242418864
17.7854413369	4.51727584087
17.7881685637	4.51212749309
17.7908957906	4.50697914532
17.7936230175	4.50183079754
17.7963502443	4.49668244977
17.7990774712	4.49153410199
17.8018046981	4.48638575422
17.8045319249	4.48123740645
17.8072591518	4.47608905867
17.8099863787	4.4709407109
17.8127136055	4.46579236312
17.8154408324	4.46064401535
17.8181680592	4.45549566757
17.8208952861	4.4503473198
17.823622513	4.44519897202
17.8263497398	4.44005062425
17.8290769667	4.43490227647
17.8318041936	4.4297539287
17.8345314204	4.42460558092
17.8372586473	4.41945723315
17.8399858742	4.41430888537
17.842713101	4.4091605376
17.8454403279	4.40401218982
17.8481675548	4.39886384205
17.8508947816	4.39371549427
17.8536220085	4.3885671465
17.8563492353	4.38341879872
17.8590764622	4.37827045095
17.8618036891	4.37312210318
17.8645309159	4.3679737554
17.8672581428	4.36282540763
17.8699853697	4.35767705985
17.8727125965	4.35252871208
17.8754398234	4.3473803643
17.8781670503	4.34223201653
17.8808942771	4.33708366875
17.883621504	4.33193532098
17.8863487309	4.3267869732
17.8890759577	4.32163862543
17.8918031846	4.31649027765
17.8945304114	4.31134192988
17.8972576383	4.3061935821
17.8999848652	4.30104523433
17.902712092	4.29589688655
17.9054393189	4.29074853878
17.9081665458	4.285600191
17.9108937726	4.28045184323
17.9136209995	4.27530349545
17.9163482264	4.27015514768
17.9190754532	4.26500679991
17.9218026801	4.25985845213
17.924529907	4.25471010436
17.9272571338	4.24956175658
17.9299843607	4.24441340881
17.9327115875	4.23926506103
17.9354388144	4.23411671326
17.9381660413	4.22896836548
17.9408932681	4.22382001771
17.943620495	4.21867166993
17.9463477219	4.21352332216
17.9490749487	4.20837497438
17.9518021756	4.20322662661
17.9545294025	4.19807827883
17.9572566293	4.19292993106
17.9599838562	4.18778158328
17.962711083	4.18263323551
17.9654383099	4.17748488773
17.9681655368	4.17233653996
17.9708927636	4.16718819218
17.9736199905	4.16203984441
17.9763472174	4.15689149664
17.9790744442	4.15174314886
17.9818016711	4.14659480109
17.984528898	4.14144645331
17.9872561248	4.13629810554
17.9899833517	4.13114975776
17.9927105786	4.12600140999
17.9954378054	4.12085306221
17.9981650323	4.11570471444
18.0008922591	4.11055636666
18.003619486	4.10540801889
18.0063467129	4.10025967111
18.0090739397	4.09511132334
18.0118011666	4.08996297556
18.0145283935	4.08481462779
18.0172556203	4.07966628001
18.0199828472	4.07451793224
18.0227100741	4.06936958446
18.0254373009	4.06422123669
18.0281645278	4.05907288891
18.0308917547	4.05392454114
18.0336189815	4.04877619337
18.0363462084	4.04362784559
18.0390734352	4.03847949782
18.0418006621	4.03333115004
18.044527889	4.02818280227
18.0472551158	4.02303445449
18.0499823427	4.01788610672
18.0527095696	4.01273775894
18.0554367964	4.00758941117
18.0581640233	4.00244106339
18.0608912502	3.99729271562
18.063618477	3.99214436784
18.0663457039	3.98699602007
18.0690729308	3.98184767229
18.0718001576	3.97669932452
18.0745273845	3.97155097674
18.0772546113	3.96640262897
18.0799818382	3.96125428119
18.0827090651	3.95610593342
18.0854362919	3.95095758564
18.0881635188	3.94580923787
