1.12101223138	1.99352195584
1.12822773957	1.9960444572
1.13544324776	1.99856695857
1.14265875596	2.00108945993
1.14987426415	2.0036119613
1.15708977234	2.00613446266
1.16430528053	2.00865696402
1.17152078872	2.01117946539
1.17873629692	2.01370196675
1.18595180511	2.01622446811
1.1931673133	2.01874696948
1.20038282149	2.02126947084
1.20759832968	2.02379197221
1.21481383788	2.02631447357
1.22202934607	2.02883697493
1.22924485426	2.0313594763
1.23646036245	2.03388197766
1.24367587064	2.03640447902
1.25089137884	2.03892698039
1.25810688703	2.04144948175
1.26532239522	2.04397198312
1.27253790341	2.04649448448
1.2797534116	2.04901698584
1.2869689198	2.05153948721
1.29418442799	2.05406198857
1.30139993618	2.05658448994
1.30861544437	2.0591069913
1.31583095256	2.06162949266
1.32304646076	2.06415199403
1.33026196895	2.06667449539
1.33747747714	2.06919699675
1.34469298533	2.07171949812
1.35190849352	2.07424199948
1.35912400172	2.07676450085
1.36633950991	2.07928700221
1.3735550181	2.08180950357
1.38077052629	2.08433200494
1.38798603449	2.0868545063
1.39520154268	2.08937700766
1.40241705087	2.09189950903
1.40963255906	2.09442201039
1.41684806725	2.09694451176
1.42406357545	2.09946701312
1.43127908364	2.10198951448
1.43849459183	2.10451201585
1.44571010002	2.10703451721
1.45292560821	2.10955701858
1.46014111641	2.11207951994
1.4673566246	2.1146020213
1.47457213279	2.11712452267
1.48178764098	2.11964702403
1.48900314917	2.12216952539
1.49621865737	2.12469202676
1.50343416556	2.12721452812
1.51064967375	2.12973702949
1.51786518194	2.13225953085
1.52508069013	2.13478203221
1.53229619833	2.13730453358
1.53951170652	2.13982703494
1.54672721471	2.1423495363
1.5539427229	2.14487203767
1.56115823109	2.14739453903
1.56837373929	2.1499170404
1.57558924748	2.15243954176
1.58280475567	2.15496204312
1.59002026386	2.15748454449
1.59723577205	2.16000704585
1.60445128025	2.16252954722
1.61166678844	2.16505204858
1.61888229663	2.16757454994
1.62609780482	2.17009705131
1.63331331301	2.17261955267
1.64052882121	2.17514205403
1.6477443294	2.1776645554
1.65495983759	2.18018705676
1.66217534578	2.18270955813
1.66939085397	2.18523205949
1.67660636217	2.18775456085
1.68382187036	2.19027706222
1.69103737855	2.19279956358
1.69825288674	2.19532206494
1.70546839493	2.19784456631
1.71268390313	2.20036706767
1.71989941132	2.20288956904
1.72711491951	2.2054120704
1.7343304277	2.20793457176
1.74154593589	2.21045707313
1.74876144409	2.21297957449
1.75597695228	2.21550207586
1.76319246047	2.21802457722
1.77040796866	2.22054707858
1.77762347685	2.22306957995
1.78483898505	2.22559208131
1.79205449324	2.22811458267
1.79927000143	2.23063708404
1.80648550962	2.2331595854
1.81370101781	2.23568208677
1.82091652601	2.23820458813
1.8281320342	2.24072708949
1.83534754239	2.24324959086
1.84256305058	2.24577209222
1.84977855878	2.24829459358
1.85699406697	2.25081709495
1.86420957516	2.25333959631
1.87142508335	2.25586209768
1.87864059154	2.25838459904
1.88585609974	2.2609071004
1.89307160793	2.26342960177
1.90028711612	2.26595210313
1.90750262431	2.2684746045
1.9147181325	2.27099710586
1.9219336407	2.27351960722
1.92914914889	2.27604210859
1.93636465708	2.27856460995
1.94358016527	2.28108711131
1.95079567346	2.28360961268
1.95801118166	2.28613211404
1.96522668985	2.28865461541
1.97244219804	2.29117711677
1.97965770623	2.29369961813
1.98687321442	2.2962221195
1.99408872262	2.29874462086
2.00130423081	2.30126712222
2.008519739	2.30378962359
2.01573524719	2.30631212495
2.02295075538	2.30883462632
2.03016626358	2.31135712768
2.03738177177	2.31387962904
2.04459727996	2.31640213041
2.05181278815	2.31892463177
2.05902829634	2.32144713314
2.06624380454	2.3239696345
2.07345931273	2.32649213586
2.08067482092	2.32901463723
2.08789032911	2.33153713859
2.0951058373	2.33405963995
2.1023213455	2.33658214132
2.10953685369	2.33910464268
2.11675236188	2.34162714405
2.12396787007	2.34414964541
2.13118337826	2.34667214677
2.13839888646	2.34919464814
2.14561439465	2.3517171495
2.15282990284	2.35423965086
2.16004541103	2.35676215223
2.16726091922	2.35928465359
2.17447642742	2.36180715496
2.18169193561	2.36432965632
2.1889074438	2.36685215768
2.19612295199	2.36937465905
2.20333846018	2.37189716041
2.21055396838	2.37441966178
2.21776947657	2.37694216314
2.22498498476	2.3794646645
2.23220049295	2.38198716587
2.23941600114	2.38450966723
2.24663150934	2.38703216859
2.25384701753	2.38955466996
2.26106252572	2.39207717132
2.26827803391	2.39459967269
2.2754935421	2.39712217405
2.2827090503	2.39964467541
2.28992455849	2.40216717678
2.29714006668	2.40468967814
2.30435557487	2.4072121795
2.31157108306	2.40973468087
2.31878659126	2.41225718223
2.32600209945	2.4147796836
2.33321760764	2.41730218496
2.34043311583	2.41982468632
2.34764862403	2.42234718769
2.35486413222	2.42486968905
2.36207964041	2.42739219042
2.3692951486	2.42991469178
2.37651065679	2.43243719314
2.38372616499	2.43495969451
2.39094167318	2.43748219587
2.39815718137	2.44000469723
2.40537268956	2.4425271986
2.41258819775	2.44504969996
2.41980370595	2.44757220133
2.42701921414	2.45009470269
2.43423472233	2.45261720405
2.44145023052	2.45513970542
2.44866573871	2.45766220678
2.45588124691	2.46018470814
2.4630967551	2.46270720951
2.47031226329	2.46522971087
2.47752777148	2.46775221224
2.48474327967	2.4702747136
2.49195878787	2.47279721496
2.49917429606	2.47531971633
2.50638980425	2.47784221769
2.51360531244	2.48036471906
2.52082082063	2.48288722042
2.52803632883	2.48540972178
2.53525183702	2.48793222315
2.54246734521	2.49045472451
2.5496828534	2.49297722587
2.55689836159	2.49549972724
2.56411386979	2.4980222286
2.57132937798	2.50054472997
2.57854488617	2.50306723133
2.58576039436	2.50558973269
2.59297590255	2.50811223406
2.60019141075	2.51063473542
2.60740691894	2.51315723678
2.61462242713	2.51567973815
2.62183793532	2.51820223951
2.62905344351	2.52072474088
2.63626895171	2.52324724224
2.6434844599	2.5257697436
2.65069996809	2.52829224497
2.65791547628	2.53081474633
2.66513098447	2.5333372477
2.67234649267	2.53585974906
2.67956200086	2.53838225042
2.68677750905	2.54090475179
2.69399301724	2.54342725315
2.70120852543	2.54594975451
2.70842403363	2.54847225588
2.71563954182	2.55099475724
2.72285505001	2.55351725861
2.7300705582	2.55603975997
2.73728606639	2.55856226133
2.74450157459	2.5610847627
2.75171708278	2.56360726406
2.75893259097	2.56612976542
2.76614809916	2.56865226679
2.77336360735	2.57117476815
2.78057911555	2.57369726952
2.78779462374	2.57621977088
2.79501013193	2.57874227224
2.80222564012	2.58126477361
2.80944114832	2.58378727497
2.81665665651	2.58630977634
2.8238721647	2.5888322777
2.83108767289	2.59135477906
2.83830318108	2.59387728043
2.84551868928	2.59639978179
2.85273419747	2.59892228315
2.85994970566	2.60144478452
2.86716521385	2.60396728588
2.87438072204	2.60648978725
2.88159623024	2.60901228861
2.88881173843	2.61153478997
2.89602724662	2.61405729134
2.90324275481	2.6165797927
2.910458263	2.61910229406
2.9176737712	2.62162479543
2.92488927939	2.62414729679
2.93210478758	2.62666979816
2.93932029577	2.62919229952
2.94653580396	2.63171480088
2.95375131216	2.63423730225
2.96096682035	2.63675980361
2.96818232854	2.63928230498
2.97539783673	2.64180480634
2.98261334492	2.6443273077
2.98982885312	2.64684980907
2.99704436131	2.64937231043
3.0042598695	2.65189481179
3.01147537769	2.65441731316
3.01869088588	2.65693981452
3.02590639408	2.65946231589
3.03312190227	2.66198481725
3.04033741046	2.66450731861
3.04755291865	2.66702981998
3.05476842684	2.66955232134
3.06198393504	2.6720748227
3.06919944323	2.67459732407
3.07641495142	2.67711982543
3.08363045961	2.6796423268
3.0908459678	2.68216482816
3.098061476	2.68468732952
3.10527698419	2.68720983089
3.11249249238	2.68973233225
3.11970800057	2.69225483362
3.12692350876	2.69477733498
3.13413901696	2.69729983634
3.14135452515	2.69982233771
3.14857003334	2.70234483907
3.15578554153	2.70486734043
3.16300104972	2.7073898418
3.17021655792	2.70991234316
3.17743206611	2.71243484453
3.1846475743	2.71495734589
3.19186308249	2.71747984725
3.19907859068	2.72000234862
3.20629409888	2.72252484998
3.21350960707	2.72504735134
3.22072511526	2.72756985271
3.22794062345	2.73009235407
3.23515613164	2.73261485544
3.24237163984	2.7351373568
3.24958714803	2.73765985816
3.25680265622	2.74018235953
3.26401816441	2.74270486089
3.2712336726	2.74522736226
3.2784491808	2.74774986362
3.28566468899	2.75027236498
3.29288019718	2.75279486635
3.30009570537	2.75531736771
3.30731121357	2.75783986907
3.31452672176	2.76036237044
3.32174222995	2.7628848718
3.32895773814	2.76540737317
3.33617324633	2.76792987453
3.34338875453	2.77045237589
3.35060426272	2.77297487726
3.35781977091	2.77549737862
3.3650352791	2.77801987998
3.37225078729	2.78054238135
3.37946629549	2.78306488271
3.38668180368	2.78558738408
3.39389731187	2.78810988544
3.40111282006	2.7906323868
3.40832832825	2.79315488817
3.41554383645	2.79567738953
3.42275934464	2.7981998909
3.42997485283	2.80072239226
3.43719036102	2.80324489362
3.44440586921	2.80576739499
3.45162137741	2.80828989635
3.4588368856	2.81081239771
3.46605239379	2.81333489908
3.47326790198	2.81585740044
3.48048341017	2.81837990181
3.48769891837	2.82090240317
3.49491442656	2.82342490453
3.50212993475	2.8259474059
3.50934544294	2.82846990726
3.51656095113	2.83099240862
3.52377645933	2.83351490999
3.53099196752	2.83603741135
3.53820747571	2.83855991272
3.5454229839	2.84108241408
3.55263849209	2.84360491544
3.55985400029	2.84612741681
3.56706950848	2.84864991817
3.57428501667	2.85117241954
3.58150052486	2.8536949209
3.58871603305	2.85621742226
3.59593154125	2.85873992363
3.60314704944	2.86126242499
3.61036255763	2.86378492635
3.61757806582	2.86630742772
3.62479357401	2.86882992908
3.63200908221	2.87135243045
3.6392245904	2.87387493181
3.64644009859	2.87639743317
3.65365560678	2.87891993454
3.66087111497	2.8814424359
3.66808662317	2.88396493726
3.67530213136	2.88648743863
3.68251763955	2.88900993999
3.68973314774	2.89153244136
3.69694865593	2.89405494272
3.70416416413	2.89657744408
3.71137967232	2.89909994545
3.71859518051	2.90162244681
3.7258106887	2.90414494818
3.73302619689	2.90666744954
3.74024170509	2.9091899509
3.74745721328	2.91171245227
3.75467272147	2.91423495363
3.76188822966	2.91675745499
3.76910373786	2.91927995636
3.77631924605	2.92180245772
3.78353475424	2.92432495909
3.79075026243	2.92684746045
3.79796577062	2.92936996181
3.80518127882	2.93189246318
3.81239678701	2.93441496454
3.8196122952	2.9369374659
3.82682780339	2.93945996727
3.83404331158	2.94198246863
3.84125881978	2.94450497
3.84847432797	2.94702747136
3.85568983616	2.94954997272
3.86290534435	2.95207247409
3.87012085254	2.95459497545
3.87733636074	2.95711747682
3.88455186893	2.95963997818
3.89176737712	2.96216247954
3.89898288531	2.96468498091
3.9061983935	2.96720748227
3.9134139017	2.96972998363
3.92062940989	2.972252485
3.92784491808	2.97477498636
3.93506042627	2.97729748773
3.94227593446	2.97981998909
3.94949144266	2.98234249045
3.95670695085	2.98486499182
3.96392245904	2.98738749318
3.97113796723	2.98990999454
3.97835347542	2.99243249591
3.98556898362	2.99495499727
3.99278449181	2.99747749864
4.0	3.0
4.0	3.0
4.01505474689	3.01790372736
4.03005694743	3.03586688094
4.04500705209	3.05389019138
4.05990552023	3.07197439839
4.07475281563	3.09012025185
4.08954940165	3.10832851305
4.10429573608	3.126599956
4.11899226562	3.14493536885
4.13363942	3.16333555535
4.14823760587	3.18180133644
4.16278720026	3.20033355191
4.17728854391	3.21893306212
4.19174193418	3.2376007498
4.20614761784	3.25633752184
4.22050578362	3.27514431123
4.23481655456	3.29402207896
4.24907998026	3.3129718159
4.26329602904	3.33199454477
4.27746458001	3.351091322
4.2915854152	3.37026323959
4.30565821173	3.38951142688
4.3196825341	3.4088370522
4.33365782672	3.42824132443
4.34758340663	3.44772549436
4.36145845667	3.46729085584
4.37528201898	3.48693874675
4.38902716018	3.50674773478
4.40274240378	3.52657084421
4.41640225811	3.54648118513
4.43000514142	3.56648030037
4.44354930817	3.58656977759
4.45703284697	3.60675124789
4.47045367984	3.62702638385
4.4838462732	3.64739957065
4.49717290729	3.66782367882
4.51039570947	3.68838332357
4.52365110309	3.70896536875
4.53673310633	3.72972220282
4.54973788707	3.7505821342
4.5626624005	3.77154689564
4.57550348573	3.79261821267
4.58825787819	3.81379779507
4.6009222235	3.83508732774
4.6134745414	3.85650950018
4.62594495998	3.87802781589
4.63831427723	3.89966158636
4.65057884611	3.92141240738
4.66273500365	3.94328181299
4.67477908951	3.96527126609
4.68670746496	3.98738214916
4.698516532	4.00961575527
4.71027966994	4.03193618035
4.72184602867	4.05441344327
4.73328403447	4.07701585284
4.74459060742	4.09974415289
4.75573768042	4.12261211824
4.76676797078	4.14559637316
4.77765782254	4.16870827536
4.78840477796	4.19194802125
4.79897511535	4.21530850196
4.80942443156	4.23880266067
4.81972395941	4.26242411195
4.82987203724	4.28617239152
4.83986724294	4.31004687257
4.8497084002	4.33404676683
4.85939458336	4.35817112624
4.86890909093	4.38243110235
4.87827943971	4.40680408138
4.88752435516	4.43129201155
4.89658359443	4.45590586164
4.90548594945	4.480638205
4.91423175775	4.50548742851
4.92282155722	4.53045182436
4.93125607554	4.55552959948
4.9395362184	4.58071888507
4.94766305664	4.60601774633
4.95562718406	4.63143019993
4.96344858539	4.65694367389
4.97112019986	4.682560923
4.9786149069	4.70830949732
4.98598825338	4.73413143202
4.99321621225	4.76005126462
5.00030046324	4.78606693429
5.00729719308	4.81216152684
5.01410721475	4.83836051458
5.02077979898	4.8646488917
5.0273168402	4.89102458072
5.03372025171	4.91748550226
5.03999196597	4.94402956929
5.04613393895	4.97065467854
5.05214815915	4.99735869907
5.05803666191	5.02413945752
5.06382531642	5.05098428853
5.06946312223	5.07791290531
5.07498220252	5.10491109572
5.08038500509	5.13197630269
5.08565926088	5.15912195608
5.09083523258	5.18631550723
5.09588675967	5.21358300643
5.10084818075	5.24089257687
5.1057399125	5.26822386855
5.11050914856	5.29562863455
5.11518875253	5.32307535976
5.11978497111	5.35055866155
5.12434532087	5.37804413987
5.12879682262	5.40558402314
5.13319346617	5.43313606878
5.1375410001	5.46069675485
5.14185056193	5.48825729033
5.14613441899	5.51580810153
5.15041946583	5.54332827835
5.15469722047	5.57082464648
5.15899287387	5.5982780788
5.16331920134	5.62567833344
5.16770293731	5.65298919651
5.17215643253	5.68022431755
5.17669953754	5.70735682854
5.18135158058	5.73436960408
5.18613218039	5.76124418582
5.19102296238	5.78798104982
5.19604580461	5.81457457415
5.20133261734	5.84090269828
5.20682452825	5.86699991164
5.21253984553	5.89283572649
5.21849597034	5.91837594408
5.22470914784	5.94358239578
5.23119420516	5.9684129584
5.23795869998	5.99283663218
5.24504077119	6.01676956466
5.25235650888	6.04015730949
5.2600396871	6.06301900077
5.26802160717	6.08526888454
5.27633733423	6.106860438
5.28497917544	6.12775642349
5.29393987459	6.14794864658
5.30322445565	6.16742091073
5.31283556014	6.18617588913
5.32277975622	6.20422348538
5.33307690017	6.22160201547
5.34370486561	6.23834095181
5.35471023899	6.25447007827
5.36610795122	6.27004029384
5.37792683576	6.28509277098
5.39020254774	6.29966398309
5.40297920677	6.31378581788
5.4163126181	6.32748982045
5.43028351468	6.34080903689
5.44497284958	6.35380560303
5.46053348268	6.3665292854
5.47708522466	6.37905045801
5.49483207524	6.39141318717
5.51399372903	6.40364848564
5.53477267453	6.415552507
5.55733115966	6.42700893891
5.58178056333	6.43771213888
5.6081750993	6.44740408464
5.63626743126	6.45602601398
5.66590126917	6.46363596244
5.69685494855	6.47054324219
5.72903090552	6.4770026788
5.76215525556	6.48322921397
5.79617650659	6.48924779706
5.83085382936	6.49513939163
5.8658549788	6.50125478221
5.90075160146	6.50813907061
5.93514055906	6.51616988564
5.96868681443	6.52539269448
6.00134219789	6.53564034593
6.03344741935	6.54652738126
6.06559558393	6.55782064145
6.09781884671	6.57015434224
6.13006984909	6.58493490706
6.16289575082	6.60306258422
6.19693113932	6.62543740215
6.23195187637	6.65397062248
6.26909541481	6.68751763804
6.3107089364	6.722473834
6.38386492788	6.73294344046
6.52726261155	6.74807789227
6.71365866123	6.74500955911
6.90248775687	6.749739407
7.10034222506	6.74306111739
7.28177746003	6.74722998472
7.45708806602	6.75213370237
7.63551579812	6.74554494447
7.80305176853	6.74504442047
7.91438671998	6.74983672433
8.00603833716	6.75126445398
8.08709406425	6.75656346618
8.16527794826	6.761030691
8.24064095176	6.76576118853
8.30962694394	6.77243603093
8.37553279661	6.77661167649
8.43623074507	6.78184487373
8.4902974648	6.78939565234
8.53831324218	6.79559231551
8.58103000159	6.79899404345
8.61907252407	6.80041903467
8.65345365451	6.80016533508
8.68520666594	6.79828218986
8.7152254007	6.79527505212
8.74409677577	6.79178464386
8.77220209642	6.78818459877
8.79979673722	6.78451439794
8.82705193859	6.78067708782
8.85414327802	6.77665632729
8.88115482282	6.77258194809
8.90823360578	6.76856604245
8.93536748706	6.76482706195
8.96276325331	6.76123797396
8.99031494484	6.75804685938
9.01812075135	6.75513678644
9.04611686131	6.75260064219
9.07433833285	6.7504100504
9.10270744819	6.74862935328
9.1313094963	6.74722682029
9.16007694138	6.746267757
9.18907726547	6.74576168493
9.21834137124	6.7457475176
9.24786061714	6.74620701649
9.27765602684	6.74718095416
9.30775034058	6.74869251303
9.33814201532	6.75069871238
9.36884488437	6.7532015928
9.39980780108	6.75620852586
9.43112797048	6.75961592034
9.46275330705	6.76341660597
9.49466600725	6.76757298444
9.52687137052	6.7720320802
9.559370163	6.77676393614
9.592080256	6.78170174885
9.62503238037	6.78684871346
9.65819071745	6.79216363937
9.691552302	6.79759894181
9.72509941007	6.80313346665
9.75885750891	6.80873324044
9.79270652506	6.81443224966
9.82669504114	6.82018273869
9.86079650115	6.82598736003
9.89500698846	6.83183067511
9.92931585723	6.83770644979
9.96372314589	6.84360214712
9.99820629369	6.84950825341
10.0327558708	6.85546303739
10.0673680003	6.86145494989
10.1020508831	6.86743698854
10.1367956095	6.8734260656
10.1715706027	6.87944601362
10.2064665262	6.8854185692
10.2413901961	6.89139924051
10.2763655133	6.89738384108
10.3114066729	6.90333943894
10.3465106212	6.90927095271
10.3816943169	6.91515655161
10.4169297736	6.92102120285
10.4522389727	6.92683803426
10.4876368026	6.9325902268
10.5229763397	6.93836536697
10.5586453348	6.94390576862
10.5942412811	6.94947368059
10.6300259457	6.95491143913
10.6658551934	6.96029089866
10.7017787284	6.96557594056
10.7377975255	6.97076344254
10.7739177575	6.97584274173
10.8101198434	6.98083989735
10.8464201591	6.9857294831
10.8828092406	6.9905229445
10.9192826513	6.99522448306
10.9558348106	6.99983988869
10.9924590174	7.00437651274
11.0291474938	7.00884321127
11.0658914461	7.01325025908
11.1026811449	7.01760923522
11.1395060227	7.0219328814
11.1763547867	7.02623493498
11.213215548	7.03052993904
11.2500759626	7.03483303266
11.2869059578	7.03908681998
11.3237264446	7.04344637864
11.3605154527	7.04785101117
11.3972956463	7.0523225687
11.433955055	7.05689342294
11.4705538756	7.06154698644
11.5070507179	7.06632855712
11.5434527435	7.07123075806
11.5797502621	7.07626396232
11.6159280651	7.08146396119
11.6519910984	7.08678599018
11.6879269854	7.09226047952
11.723720911	7.09791898685
11.7593859115	7.10371347473
11.7949111816	7.10966720702
11.830294843	7.11577891067
11.8655360572	7.12204578272
11.900633281	7.12851078522
11.9355955698	7.13507151938
11.9704177693	7.14177223247
12.0051025216	7.14860512621
12.0396530626	7.15556158828
12.0740731212	7.16263235487
12.1083937196	7.16978223377
12.1425611229	7.17705613854
12.1766118946	7.18441360314
12.2105506728	7.19184443397
12.2443821422	7.19933853413
12.2781109549	7.20688603623
12.3117381518	7.21450035135
12.3452744084	7.22213110757
12.3787209547	7.22978892721
12.4120816356	7.23746604978
12.4453185513	7.24516501128
12.4785237664	7.2528590641
12.511651675	7.26055392658
12.5447047335	7.26824503169
12.5776849507	7.27592870659
12.6105938824	7.28360217975
12.6434326317	7.29126357542
12.6762018558	7.29891189632
12.7089017788	7.30654699486
12.7415334474	7.31419757517
12.7740939959	7.32181413971
12.8065835383	7.32942251133
12.8390007894	7.33702555901
12.8713441619	7.34462672679
12.9036118027	7.35222995669
12.9358133657	7.3598238937
12.9679214166	7.36744693122
12.9999681497	7.37506764839
13.031915311	7.38271279838
13.06376424	7.39040444882
13.0955340342	7.39809931467
13.1272009381	7.40585862331
13.158773112	7.41365850164
13.1903892523	7.4214130929
13.2217653536	7.42928949066
13.2530297571	7.43724714328
13.2841904704	7.44526185872
13.3152455099	7.45333698606
13.3461930947	7.4614754018
13.3770316599	7.46967948797
13.4078862371	7.47795153433
13.4384967361	7.48629222909
13.4689951767	7.49470266972
13.4993808963	7.50318320389
13.5297354962	7.51167739274
13.5598862864	7.52030411912
13.5899246176	7.52899826035
13.6198505823	7.53775849365
13.6496644767	7.54658310553
13.6793667879	7.55547002927
13.7089581781	7.56441688364
13.7384394713	7.57342101187
13.7678116375	7.58247952068
13.7970757791	7.59158931843
13.8262331166	7.60074715219
13.8552849751	7.60994964329
13.8842327719	7.6191933209
13.9130780042	7.62847465374
13.9418222382	7.63779007935
13.9704670984	7.64713603119
13.9990142587	7.65650896325
14.0274654334	7.66590537224
14.0558223692	7.67532181753
14.0840868386	7.68475493856
14.1122622267	7.69425078336
14.1403439707	7.70360837999
14.1683067545	7.7131686031
14.1962234745	7.72263179191
14.2240563526	7.73209704257
14.2518072432	7.7415616747
14.2794779908	7.75102315744
14.3070704282	7.76047911181
14.3345863739	7.76992731179
14.3620276305	7.77936568423
14.3893959828	7.7887923078
14.4166931967	7.79820541087
14.4439210174	7.80760336879
14.4710811691	7.81698470033
14.4981753532	7.82634806362
14.525205248	7.8356922516
14.552172508	7.84501618709
14.5790826388	7.85429781224
14.6059289346	7.86358154436
14.6327174805	7.87284212819
14.6594498219	7.8820789935
14.6861274781	7.89129166922
14.7127519421	7.90047977778
14.7393246806	7.90964302956
14.7658571691	7.91875363255
14.792329164	7.92787098451
14.8187539113	7.93696242849
14.8451327353	7.94602806906
14.8714669376	7.95506806159
14.8977577966	7.96408260966
14.9240065663	7.97307196245
14.9502144767	7.98203641239
14.9763827329	7.99097629283
15.002512515	7.99989197597
15.0	8.0
15.0050125313	7.99498746867
15.0100250627	7.98997493734
15.015037594	7.98496240602
15.0200501253	7.97994987469
15.0250626566	7.97493734336
15.030075188	7.96992481203
15.0350877193	7.9649122807
15.0401002506	7.95989974937
15.045112782	7.95488721805
15.0501253133	7.94987468672
15.0551378446	7.94486215539
15.0601503759	7.93984962406
15.0651629073	7.93483709273
15.0701754386	7.9298245614
15.0751879699	7.92481203008
15.0802005013	7.91979949875
15.0852130326	7.91478696742
15.0902255639	7.90977443609
15.0952380952	7.90476190476
15.1002506266	7.89974937343
15.1052631579	7.89473684211
15.1102756892	7.88972431078
15.1152882206	7.88471177945
15.1203007519	7.87969924812
15.1253132832	7.87468671679
15.1303258145	7.86967418546
15.1353383459	7.86466165414
15.1403508772	7.85964912281
15.1453634085	7.85463659148
15.1503759398	7.84962406015
15.1553884712	7.84461152882
15.1604010025	7.83959899749
15.1654135338	7.83458646617
15.1704260652	7.82957393484
15.1754385965	7.82456140351
15.1804511278	7.81954887218
15.1854636591	7.81453634085
15.1904761905	7.80952380952
15.1954887218	7.8045112782
15.2005012531	7.79949874687
15.2055137845	7.79448621554
15.2105263158	7.78947368421
15.2155388471	7.78446115288
15.2205513784	7.77944862155
15.2255639098	7.77443609023
15.2305764411	7.7694235589
15.2355889724	7.76441102757
15.2406015038	7.75939849624
15.2456140351	7.75438596491
15.2506265664	7.74937343358
15.2556390977	7.74436090226
15.2606516291	7.73934837093
15.2656641604	7.7343358396
15.2706766917	7.72932330827
15.2756892231	7.72431077694
15.2807017544	7.71929824561
15.2857142857	7.71428571429
15.290726817	7.70927318296
15.2957393484	7.70426065163
15.3007518797	7.6992481203
15.305764411	7.69423558897
15.3107769424	7.68922305764
15.3157894737	7.68421052632
15.320802005	7.67919799499
15.3258145363	7.67418546366
15.3308270677	7.66917293233
15.335839599	7.664160401
15.3408521303	7.65914786967
15.3458646617	7.65413533835
15.350877193	7.64912280702
15.3558897243	7.64411027569
15.3609022556	7.63909774436
15.365914787	7.63408521303
15.3709273183	7.6290726817
15.3759398496	7.62406015038
15.380952381	7.61904761905
15.3859649123	7.61403508772
15.3909774436	7.60902255639
15.3959899749	7.60401002506
15.4010025063	7.59899749373
15.4060150376	7.59398496241
15.4110275689	7.58897243108
15.4160401003	7.58395989975
15.4210526316	7.57894736842
15.4260651629	7.57393483709
15.4310776942	7.56892230576
15.4360902256	7.56390977444
15.4411027569	7.55889724311
15.4461152882	7.55388471178
15.4511278195	7.54887218045
15.4561403509	7.54385964912
15.4611528822	7.53884711779
15.4661654135	7.53383458647
15.4711779449	7.52882205514
15.4761904762	7.52380952381
15.4812030075	7.51879699248
15.4862155388	7.51378446115
15.4912280702	7.50877192982
15.4962406015	7.5037593985
15.5012531328	7.49874686717
15.5062656642	7.49373433584
15.5112781955	7.48872180451
15.5162907268	7.48370927318
15.5213032581	7.47869674185
15.5263157895	7.47368421053
15.5313283208	7.4686716792
15.5363408521	7.46365914787
15.5413533835	7.45864661654
15.5463659148	7.45363408521
15.5513784461	7.44862155388
15.5563909774	7.44360902256
15.5614035088	7.43859649123
15.5664160401	7.4335839599
15.5714285714	7.42857142857
15.5764411028	7.42355889724
15.5814536341	7.41854636591
15.5864661654	7.41353383459
15.5914786967	7.40852130326
15.5964912281	7.40350877193
15.6015037594	7.3984962406
15.6065162907	7.39348370927
15.6115288221	7.38847117794
15.6165413534	7.38345864662
15.6215538847	7.37844611529
15.626566416	7.37343358396
15.6315789474	7.36842105263
15.6365914787	7.3634085213
15.64160401	7.35839598997
15.6466165414	7.35338345865
15.6516290727	7.34837092732
15.656641604	7.34335839599
15.6616541353	7.33834586466
15.6666666667	7.33333333333
15.671679198	7.32832080201
15.6766917293	7.32330827068
15.6817042607	7.31829573935
15.686716792	7.31328320802
15.6917293233	7.30827067669
15.6967418546	7.30325814536
15.701754386	7.29824561404
15.7067669173	7.29323308271
15.7117794486	7.28822055138
15.7167919799	7.28320802005
15.7218045113	7.27819548872
15.7268170426	7.27318295739
15.7318295739	7.26817042607
15.7368421053	7.26315789474
15.7418546366	7.25814536341
15.7468671679	7.25313283208
15.7518796992	7.24812030075
15.7568922306	7.24310776942
15.7619047619	7.2380952381
15.7669172932	7.23308270677
15.7719298246	7.22807017544
15.7769423559	7.22305764411
15.7819548872	7.21804511278
15.7869674185	7.21303258145
15.7919799499	7.20802005013
15.7969924812	7.2030075188
15.8020050125	7.19799498747
15.8070175439	7.19298245614
15.8120300752	7.18796992481
15.8170426065	7.18295739348
15.8220551378	7.17794486216
15.8270676692	7.17293233083
15.8320802005	7.1679197995
15.8370927318	7.16290726817
15.8421052632	7.15789473684
15.8471177945	7.15288220551
15.8521303258	7.14786967419
15.8571428571	7.14285714286
15.8621553885	7.13784461153
15.8671679198	7.1328320802
15.8721804511	7.12781954887
15.8771929825	7.12280701754
15.8822055138	7.11779448622
15.8872180451	7.11278195489
15.8922305764	7.10776942356
15.8972431078	7.10275689223
15.9022556391	7.0977443609
15.9072681704	7.09273182957
15.9122807018	7.08771929825
15.9172932331	7.08270676692
15.9223057644	7.07769423559
15.9273182957	7.07268170426
15.9323308271	7.06766917293
15.9373433584	7.0626566416
15.9423558897	7.05764411028
15.9473684211	7.05263157895
15.9523809524	7.04761904762
15.9573934837	7.04260651629
15.962406015	7.03759398496
15.9674185464	7.03258145363
15.9724310777	7.02756892231
15.977443609	7.02255639098
15.9824561404	7.01754385965
15.9874686717	7.01253132832
15.992481203	7.00751879699
15.9974937343	7.00250626566
16.0025062657	6.99749373434
16.007518797	6.99248120301
16.0125313283	6.98746867168
16.0175438596	6.98245614035
16.022556391	6.97744360902
16.0275689223	6.97243107769
16.0325814536	6.96741854637
16.037593985	6.96240601504
16.0426065163	6.95739348371
16.0476190476	6.95238095238
16.0526315789	6.94736842105
16.0576441103	6.94235588972
16.0626566416	6.9373433584
16.0676691729	6.93233082707
16.0726817043	6.92731829574
16.0776942356	6.92230576441
16.0827067669	6.91729323308
16.0877192982	6.91228070175
16.0927318296	6.90726817043
16.0977443609	6.9022556391
16.1027568922	6.89724310777
16.1077694236	6.89223057644
16.1127819549	6.88721804511
16.1177944862	6.88220551378
16.1228070175	6.87719298246
16.1278195489	6.87218045113
16.1328320802	6.8671679198
16.1378446115	6.86215538847
16.1428571429	6.85714285714
16.1478696742	6.85213032581
16.1528822055	6.84711779449
16.1578947368	6.84210526316
16.1629072682	6.83709273183
16.1679197995	6.8320802005
16.1729323308	6.82706766917
16.1779448622	6.82205513784
16.1829573935	6.81704260652
16.1879699248	6.81203007519
16.1929824561	6.80701754386
16.1979949875	6.80200501253
16.2030075188	6.7969924812
16.2080200501	6.79197994987
16.2130325815	6.78696741855
16.2180451128	6.78195488722
16.2230576441	6.77694235589
16.2280701754	6.77192982456
16.2330827068	6.76691729323
16.2380952381	6.7619047619
16.2431077694	6.75689223058
16.2481203008	6.75187969925
16.2531328321	6.74686716792
16.2581453634	6.74185463659
16.2631578947	6.73684210526
16.2681704261	6.73182957393
16.2731829574	6.72681704261
16.2781954887	6.72180451128
16.2832080201	6.71679197995
16.2882205514	6.71177944862
16.2932330827	6.70676691729
16.298245614	6.70175438596
16.3032581454	6.69674185464
16.3082706767	6.69172932331
16.313283208	6.68671679198
16.3182957393	6.68170426065
16.3233082707	6.67669172932
16.328320802	6.67167919799
16.3333333333	6.66666666667
16.3383458647	6.66165413534
16.343358396	6.65664160401
16.3483709273	6.65162907268
16.3533834586	6.64661654135
16.35839599	6.64160401003
16.3634085213	6.6365914787
16.3684210526	6.63157894737
16.373433584	6.62656641604
16.3784461153	6.62155388471
16.3834586466	6.61654135338
16.3884711779	6.61152882206
16.3934837093	6.60651629073
16.3984962406	6.6015037594
16.4035087719	6.59649122807
16.4085213033	6.59147869674
16.4135338346	6.58646616541
16.4185463659	6.58145363409
16.4235588972	6.57644110276
16.4285714286	6.57142857143
16.4335839599	6.5664160401
16.4385964912	6.56140350877
16.4436090226	6.55639097744
16.4486215539	6.55137844612
16.4536340852	6.54636591479
16.4586466165	6.54135338346
16.4636591479	6.53634085213
16.4686716792	6.5313283208
16.4736842105	6.52631578947
16.4786967419	6.52130325815
16.4837092732	6.51629072682
16.4887218045	6.51127819549
16.4937343358	6.50626566416
16.4987468672	6.50125313283
16.5037593985	6.4962406015
16.5087719298	6.49122807018
16.5137844612	6.48621553885
16.5187969925	6.48120300752
16.5238095238	6.47619047619
16.5288220551	6.47117794486
16.5338345865	6.46616541353
16.5388471178	6.46115288221
16.5438596491	6.45614035088
16.5488721805	6.45112781955
16.5538847118	6.44611528822
16.5588972431	6.44110275689
16.5639097744	6.43609022556
16.5689223058	6.43107769424
16.5739348371	6.42606516291
16.5789473684	6.42105263158
16.5839598997	6.41604010025
16.5889724311	6.41102756892
16.5939849624	6.40601503759
16.5989974937	6.40100250627
16.6040100251	6.39598997494
16.6090225564	6.39097744361
16.6140350877	6.38596491228
16.619047619	6.38095238095
16.6240601504	6.37593984962
16.6290726817	6.3709273183
16.634085213	6.36591478697
16.6390977444	6.36090225564
16.6441102757	6.35588972431
16.649122807	6.35087719298
16.6541353383	6.34586466165
16.6591478697	6.34085213033
16.664160401	6.335839599
16.6691729323	6.33082706767
16.6741854637	6.32581453634
16.679197995	6.32080200501
16.6842105263	6.31578947368
16.6892230576	6.31077694236
16.694235589	6.30576441103
16.6992481203	6.3007518797
16.7042606516	6.29573934837
16.709273183	6.29072681704
16.7142857143	6.28571428571
16.7192982456	6.28070175439
16.7243107769	6.27568922306
16.7293233083	6.27067669173
16.7343358396	6.2656641604
16.7393483709	6.26065162907
16.7443609023	6.25563909774
16.7493734336	6.25062656642
16.7543859649	6.24561403509
16.7593984962	6.24060150376
16.7644110276	6.23558897243
16.7694235589	6.2305764411
16.7744360902	6.22556390977
16.7794486216	6.22055137845
16.7844611529	6.21553884712
16.7894736842	6.21052631579
16.7944862155	6.20551378446
16.7994987469	6.20050125313
16.8045112782	6.1954887218
16.8095238095	6.19047619048
16.8145363409	6.18546365915
16.8195488722	6.18045112782
16.8245614035	6.17543859649
16.8295739348	6.17042606516
16.8345864662	6.16541353383
16.8395989975	6.16040100251
16.8446115288	6.15538847118
16.8496240602	6.15037593985
16.8546365915	6.14536340852
16.8596491228	6.14035087719
16.8646616541	6.13533834586
16.8696741855	6.13032581454
16.8746867168	6.12531328321
16.8796992481	6.12030075188
16.8847117794	6.11528822055
16.8897243108	6.11027568922
16.8947368421	6.10526315789
16.8997493734	6.10025062657
16.9047619048	6.09523809524
16.9097744361	6.09022556391
16.9147869674	6.08521303258
16.9197994987	6.08020050125
16.9248120301	6.07518796992
16.9298245614	6.0701754386
16.9348370927	6.06516290727
16.9398496241	6.06015037594
16.9448621554	6.05513784461
16.9498746867	6.05012531328
16.954887218	6.04511278195
16.9598997494	6.04010025063
16.9649122807	6.0350877193
16.969924812	6.03007518797
16.9749373434	6.02506265664
16.9799498747	6.02005012531
16.984962406	6.01503759398
16.9899749373	6.01002506266
16.9949874687	6.00501253133
17.0	6.0
17.0	6.0
17.0066379319	5.98853543061
17.0132758638	5.97707086123
17.0199137956	5.96560629184
17.0265517275	5.95414172246
17.0331896594	5.94267715307
17.0398275913	5.93121258368
17.0464655232	5.9197480143
17.0531359808	5.90829428685
17.0597768352	5.89683069163
17.0664179356	5.88536717842
17.0730593012	5.87390375361
17.0797009525	5.86244042402
17.0863429114	5.85097719699
17.0929852015	5.83951408032
17.0996278477	5.82805108237
17.1062708769	5.81658821209
17.1129143177	5.80512547901
17.1195582006	5.7936628933
17.1262025582	5.78220046582
17.1328474252	5.77073820814
17.1394928386	5.75927613259
17.1461388377	5.74781425229
17.1527854645	5.73635258121
17.1594327635	5.7248911342
17.1660807822	5.71342992708
17.1727295708	5.7019689766
17.1793791828	5.6905083006
17.186029675	5.67904791798
17.1926811075	5.6675878488
17.1993335441	5.65612811433
17.2059870525	5.6446687371
17.2126417041	5.63320974096
17.2192975747	5.62175115117
17.2259547445	5.61029299442
17.2326132982	5.59883529895
17.2392733251	5.5873780946
17.2459349199	5.57592141284
17.2525981822	5.56446528693
17.2592632173	5.55300975193
17.2659301359	5.54155484479
17.2725990549	5.53010060444
17.2792700972	5.51864707189
17.2859433924	5.50719429028
17.2926190766	5.49574230497
17.2992972927	5.48429116368
17.3059781912	5.4728409165
17.3126619299	5.46139161603
17.3193486743	5.44994331749
17.3260385981	5.43849607875
17.3327318834	5.4270499605
17.3394287208	5.41560502629
17.3461293099	5.40416134265
17.3528338596	5.39271897921
17.359558741	5.38128734761
17.3662745237	5.36984937588
17.3729953559	5.35841318604
17.3797215433	5.34697889371
17.3864534092	5.3355466222
17.3931912957	5.32411650304
17.3999355655	5.31268867661
17.4066866022	5.30126329271
17.4134448122	5.28984051124
17.4202106258	5.2784205029
17.4269844986	5.26700344995
17.4337669134	5.255589547
17.4405583812	5.24417900181
17.4473594431	5.23277203618
17.4541706723	5.2213688869
17.4609926755	5.20996980666
17.4678260949	5.19857506506
17.4746716104	5.18718494966
17.4815299411	5.17579976705
17.4884018477	5.16441984393
17.4952881345	5.15304552821
17.5021896517	5.14167719023
17.5091072972	5.1303152238
17.516042019	5.11896004744
17.5229948173	5.10761210547
17.5299667465	5.09627186917
17.5369589174	5.08493983784
17.5439724992	5.07361653985
17.5510087214	5.06230253364
17.5580688752	5.0509984086
17.5651543157	5.03970478588
17.5722664628	5.02842231907
17.5794068023	5.01715169474
17.5865768875	5.00589363284
17.5937783386	4.99464888683
17.6010128441	4.98341824373
17.6082821597	4.97220252379
17.6155881079	4.96100257997
17.622932577	4.94981929715
17.6303175191	4.93865359093
17.6377449479	4.92750640615
17.6452169358	4.91637871508
17.65273561	4.90527151507
17.6603134571	4.89419563046
17.6679330646	4.8831334285
17.675606086	4.87209489301
17.6833348173	4.86108109155
17.6911215796	4.85009309864
17.6989796462	4.83913698185
17.7068924175	4.82820516867
17.7148709712	4.8173027102
17.7229453682	4.80642978236
17.7310662422	4.79558931662
17.7392607659	4.7847815499
17.7475314784	4.77400757428
17.7558809127	4.76326846288
17.7643115901	4.75256526598
17.772826016	4.74189900752
17.7814266757	4.73127068184
17.7901160312	4.7206812509
17.7988965184	4.71013164194
17.8077875386	4.69962840996
17.8167607794	4.68916217697
17.8258772047	4.6787555439
17.8350563358	4.66837763545
17.8443527046	4.65804914614
17.8537459596	4.64776202336
17.8632490868	4.63752107142
17.8728801864	4.62733577116
17.8826136526	4.61719098177
17.8924651344	4.6070947458
17.9024372639	4.59704774465
17.9125428872	4.5870554059
17.9227675964	4.57711036308
17.9331218518	4.5672168673
17.9436084986	4.55737556819
17.9542303794	4.54758708198
17.964990314	4.53785198212
17.975891074	4.52817078752
17.9869353523	4.51854394834
17.9981257286	4.50897182957
18.0094646306	4.49945469255
18.0209542934	4.48999267515
18.0326042923	4.48058875887
18.0444045132	4.47123810099
18.0563619516	4.46194254878
18.0684781446	4.45270172966
18.0807544058	4.44351511235
18.0931918491	4.43438201177
18.1057914317	4.42530160197
18.1185540171	4.41627293792
18.1314804593	4.40729498647
18.1445717066	4.39836666608
18.157828922	4.38948689437
18.1712536136	4.38065464129
18.1848477703	4.37186898531
18.1986139897	4.36312916877
18.2125767036	4.35443472908
18.2266881392	4.34578217903
18.2410321135	4.33719126103
18.255541777	4.32863671637
18.2702505021	4.32012884463
18.2851652754	4.31166833863
18.3002932728	4.30325596731
18.3156415387	4.29489246988
18.3312232238	4.28658060248
18.3470663579	4.27832929287
18.3631391522	4.27012483131
18.3794543013	4.26197046914
18.3960231464	4.25386870643
18.4128497136	4.24581957325
18.4299308671	4.23781907529
18.447285577	4.22987635857
18.4649393134	4.2219941889
18.4828475097	4.21416152978
18.5010510478	4.20638999893
18.5195422277	4.19867113295
18.5383532503	4.19102689234
18.5574998897	4.1834574537
18.5769970873	4.17596814394
18.5968914605	4.16857037508
18.6171656535	4.16126951384
18.6378781364	4.15408232311
18.6590297674	4.14701111071
18.6805999549	4.14005226984
18.7026478791	4.13322417108
18.7251106992	4.12651365899
18.7479139391	4.1198962978
18.770947493	4.11333237501
18.7940452449	4.10677723816
18.8170418272	4.1001734228
18.8397119709	4.09344536869
18.8618095438	4.08650660965
18.883158809	4.07929656416
18.9035622919	4.07174268599
18.9229079621	4.06380049352
18.941086712	4.05542655287
18.9580852648	4.04660912699
18.9738914787	4.03733422772
18.9884439998	4.02758403768
19.0018365508	4.01735600036
19.0140758539	4.00664962437
19.0251986044	3.99546324118
19.0352578501	3.98380012235
19.0443277096	3.97167071402
19.0524707994	3.95907878225
19.0597906461	3.94604382749
19.0663986289	3.93258794731
19.0724123537	3.918738604
19.0779672749	3.90453001218
19.0831685463	3.8899924791
19.0881394814	3.87517563767
19.0929225011	3.86010313804
19.0975425866	3.84480824808
19.1019864073	3.82931872652
19.1062032175	3.81365836914
19.1101439807	3.79784348091
19.1138182652	3.78191293759
19.1171958458	3.76588231755
19.1202932933	3.74977365897
19.1231387747	3.73360997013
19.1257723804	3.71741286003
19.128179044	3.70117612755
19.1304335919	3.68492796402
19.1325645252	3.66867540613
19.1346080231	3.65242903488
19.1365929859	3.6361885605
19.1385454897	3.61997177731
19.1404998105	3.60378175695
19.142476581	3.58762515694
19.1444644619	3.57150695146
19.1465103081	3.55543357242
19.1486208342	3.53940101648
19.1508101721	3.52342652979
19.1530725416	3.50750626391
19.1554078974	3.49164224346
19.1578141901	3.4758361593
19.1602876649	3.4600895135
19.1628047753	3.44440771131
19.1653948748	3.42878528334
19.1680256648	3.41322202332
19.1707046456	3.39772798691
19.1734187652	3.38229997655
19.176165464	3.36694861414
19.1789055281	3.3516567782
19.181654392	3.33643574448
19.1844274476	3.32129835147
19.187202613	3.30623413787
19.1899950159	3.29125828319
19.1928077205	3.27637521891
19.1956535314	3.26159448855
19.1985089143	3.24691400094
19.201389565	3.23234513701
19.2042916261	3.21789297467
19.2072173441	3.20356400675
19.2101554824	3.18936086981
19.2130927812	3.17528453051
19.2160204367	3.16133685411
19.2189246416	3.14751709249
19.2217906586	3.13382317406
19.2246034497	3.12025186652
19.2273482626	3.10679898589
19.2300111245	3.0934596254
19.2325792201	3.08022838132
19.2350338734	3.06709804776
19.2373815269	3.05406619673
19.2396045591	3.04112510399
19.2416929541	3.02826859762
19.2436493553	3.01549249199
19.2454654968	3.00279092664
19.2471378104	2.99015863861
19.2486677549	2.97759216553
19.2500531168	2.96508661761
19.2512944486	2.95263815386
19.2523929913	2.94024322709
19.2533505884	2.92789857177
19.254169614	2.91560118717
19.2548490091	2.90334870215
19.2554004281	2.89113775461
19.2558230346	2.87896646863
19.2561209201	2.86683269307
19.2562884079	2.85472588492
19.2563518589	2.84266237772
19.2563050715	2.830630679
19.2561500716	2.81862788537
19.2559013215	2.80665548987
19.2555602154	2.79471023682
19.2551336863	2.7827908065
19.2546290151	2.77089593632
19.2540538166	2.75902441778
19.2534160195	2.74717509416
19.252716084	2.73534255486
19.2519793474	2.7235351395
19.2512051663	2.71174660683
19.2503996532	2.69997629511
19.2495783032	2.68822266278
19.2487463011	2.6764852527
19.2479128708	2.66476324812
19.2471022091	2.6530545804
19.2462831426	2.64136127971
19.2454993065	2.62968119106
19.2447502356	2.61801367767
19.2440444974	2.60635814546
19.2433903853	2.59471404164
19.2427958735	2.58308085331
19.242250117	2.5714538527
19.2418276563	2.55985160808
19.2414556214	2.54824784564
19.2411709911	2.5366533598
19.2409847682	2.52506838379
19.2408904947	2.51349128803
19.2408915292	2.50192105458
19.2410107577	2.49036065452
19.2412416565	2.47880798672
19.2415876373	2.46726281054
19.2420516087	2.45572489629
19.2426359966	2.44419402284
19.2433427694	2.43266997534
19.2441625671	2.42115276653
19.2451195943	2.40964171383
19.2462023074	2.39813686423
19.2474111327	2.38663800982
19.2487461813	2.37514494139
19.2502072771	2.36365744771
19.251793985	2.35217531507
19.253505637	2.34069832703
19.2553413575	2.3292262644
19.2573000869	2.31775890537
19.2593806043	2.30629602586
19.2615815476	2.29483739988
19.2639014331	2.2833828001
19.2663386736	2.27193199843
19.2688915943	2.26048476666
19.2715584478	2.24904087714
19.2743374281	2.23760010348
19.2772266829	2.22616222124
19.2802243242	2.21472700861
19.283328439	2.20329424701
19.2865370976	2.19186372179
19.2898483614	2.18043522275
19.2932602897	2.16900854469
19.2967709455	2.15758348789
19.3003784002	2.14615985859
19.3040807373	2.13473746931
19.3078760561	2.12331613925
19.3117624738	2.11189569457
19.3157381272	2.10047596861
19.3198240232	2.08905543244
19.3239649768	2.07763713527
19.3281819793	2.06621958229
19.3324931225	2.05480140351
19.3368851977	2.04338318247
19.3413563784	2.03196480387
19.3459048627	2.02054615973
19.3505288728	2.00912714938
19.3552266539	1.99770767931
19.3599964729	1.98628766308
19.3648366168	1.97486702121
19.3697453915	1.963445681
19.3747211201	1.95202357641
19.3797621416	1.94060064786
19.3848668093	1.92917684208
19.3900334898	1.91775211189
19.3952605618	1.90632641598
19.4005464153	1.89489971877
19.4058894507	1.88347199008
19.4112880785	1.87204320497
19.4167407194	1.86061334347
19.4222458034	1.84918239036
19.4278017708	1.83775033486
19.4334070724	1.82631717045
19.4390601696	1.81488289456
19.444759536	1.80344750834
19.4505036573	1.79201101639
19.4562910332	1.78057342652
19.4621201781	1.76913474947
19.4679896225	1.75769499869
19.473897914	1.74625419009
19.4798306084	1.73481235811
19.4858145173	1.72336948746
19.4918326798	1.71192561954
19.4978837803	1.70048077771
19.5039665201	1.68903498666
19.5100796194	1.67758827226
19.5162218194	1.66614066132
19.5223918842	1.65469218144
19.5285886025	1.64324286083
19.5348107894	1.63179272814
19.5410572877	1.62034181236
19.547326969	1.60889014261
19.553618735	1.59743774808
19.5599315182	1.58598465785
19.566264283	1.57453090083
19.572616026	1.56307650566
19.5789857763	1.55162150058
19.5853725964	1.5401659134
19.5917755818	1.52870977141
19.5981938614	1.5172531013
19.6046265973	1.50579592914
19.6110729847	1.49433828032
19.6175322516	1.4828801795
19.6240036583	1.47142165058
19.6304864973	1.45996271671
19.6369800924	1.44850340021
19.6434837983	1.43704372263
19.649997	1.42558370465
