3.23168621419	2.45510478754
3.23110554699	2.45897670537
3.23052487978	2.46284862319
3.22994421258	2.46672054102
3.22936354538	2.47059245884
3.22878287817	2.47446437667
3.22820221097	2.47833629449
3.22762154377	2.48220821232
3.22704087656	2.48608013015
3.22646020936	2.48995204797
3.22587954216	2.4938239658
3.22529887495	2.49769588362
3.22471820775	2.50156780145
3.22413754054	2.50543971927
3.22355687334	2.5093116371
3.22297620614	2.51318355493
3.22239553893	2.51705547275
3.22181487173	2.52092739058
3.22123420453	2.5247993084
3.22065353732	2.52867122623
3.22007287012	2.53254314405
3.21949220292	2.53641506188
3.21891153571	2.54028697971
3.21833086851	2.54415889753
3.21775020131	2.54803081536
3.2171695341	2.55190273318
3.2165888669	2.55577465101
3.2160081997	2.55964656883
3.21542753249	2.56351848666
3.21484686529	2.56739040449
3.21426619809	2.57126232231
3.21368553088	2.57513424014
3.21310486368	2.57900615796
3.21252419648	2.58287807579
3.21194352927	2.58674999361
3.21136286207	2.59062191144
3.21078219486	2.59449382927
3.21020152766	2.59836574709
3.20962086046	2.60223766492
3.20904019325	2.60610958274
3.20845952605	2.60998150057
3.20787885885	2.61385341839
3.20729819164	2.61772533622
3.20671752444	2.62159725405
3.20613685724	2.62546917187
3.20555619003	2.6293410897
3.20497552283	2.63321300752
3.20439485563	2.63708492535
3.20381418842	2.64095684317
3.20323352122	2.644828761
3.20265285402	2.64870067883
3.20207218681	2.65257259665
3.20149151961	2.65644451448
3.20091085241	2.6603164323
3.2003301852	2.66418835013
3.199749518	2.66806026795
3.19916885079	2.67193218578
3.19858818359	2.67580410361
3.19800751639	2.67967602143
3.19742684918	2.68354793926
3.19684618198	2.68741985708
3.19626551478	2.69129177491
3.19568484757	2.69516369273
3.19510418037	2.69903561056
3.19452351317	2.70290752839
3.19394284596	2.70677944621
3.19336217876	2.71065136404
3.19278151156	2.71452328186
3.19220084435	2.71839519969
3.19162017715	2.72226711751
3.19103950995	2.72613903534
3.19045884274	2.73001095317
3.18987817554	2.73388287099
3.18929750834	2.73775478882
3.18871684113	2.74162670664
3.18813617393	2.74549862447
3.18755550673	2.74937054229
3.18697483952	2.75324246012
3.18639417232	2.75711437795
3.18581350511	2.76098629577
3.18523283791	2.7648582136
3.18465217071	2.76873013142
3.1840715035	2.77260204925
3.1834908363	2.77647396707
3.1829101691	2.7803458849
3.18232950189	2.78421780273
3.18174883469	2.78808972055
3.18116816749	2.79196163838
3.18058750028	2.7958335562
3.18000683308	2.79970547403
3.17942616588	2.80357739185
3.17884549867	2.80744930968
3.17826483147	2.81132122751
3.17768416427	2.81519314533
3.17710349706	2.81906506316
3.17652282986	2.82293698098
3.17594216266	2.82680889881
3.17536149545	2.83068081663
3.17478082825	2.83455273446
3.17420016105	2.83842465229
3.17361949384	2.84229657011
3.17303882664	2.84616848794
3.17245815943	2.85004040576
3.17187749223	2.85391232359
3.17129682503	2.85778424141
3.17071615782	2.86165615924
3.17013549062	2.86552807707
3.16955482342	2.86939999489
3.16897415621	2.87327191272
3.16839348901	2.87714383054
3.16781282181	2.88101574837
3.1672321546	2.88488766619
3.1666514874	2.88875958402
3.1660708202	2.89263150185
3.16549015299	2.89650341967
3.16490948579	2.9003753375
3.16432881859	2.90424725532
3.16374815138	2.90811917315
3.16316748418	2.91199109097
3.16258681698	2.9158630088
3.16200614977	2.91973492663
3.16142548257	2.92360684445
3.16084481536	2.92747876228
3.16026414816	2.9313506801
3.15968348096	2.93522259793
3.15910281375	2.93909451575
3.15852214655	2.94296643358
3.15794147935	2.94683835141
3.15736081214	2.95071026923
3.15678014494	2.95458218706
3.15619947774	2.95845410488
3.15561881053	2.96232602271
3.15503814333	2.96619794053
3.15445747613	2.97006985836
3.15387680892	2.97394177619
3.15329614172	2.97781369401
3.15271547452	2.98168561184
3.15213480731	2.98555752966
3.15155414011	2.98942944749
3.15097347291	2.99330136531
3.1503928057	2.99717328314
3.1498121385	3.00104520097
3.1492314713	3.00491711879
3.14865080409	3.00878903662
3.14807013689	3.01266095444
3.14748946968	3.01653287227
3.14690880248	3.02040479009
3.14632813528	3.02427670792
3.14574746807	3.02814862575
3.14516680087	3.03202054357
3.14458613367	3.0358924614
3.14400546646	3.03976437922
3.14342479926	3.04363629705
3.14284413206	3.04750821487
3.14226346485	3.0513801327
3.14168279765	3.05525205053
3.14110213045	3.05912396835
3.14052146324	3.06299588618
3.13994079604	3.066867804
3.13936012884	3.07073972183
3.13877946163	3.07461163965
3.13819879443	3.07848355748
3.13761812723	3.08235547531
3.13703746002	3.08622739313
3.13645679282	3.09009931096
3.13587612562	3.09397122878
3.13529545841	3.09784314661
3.13471479121	3.10171506443
3.134134124	3.10558698226
3.1335534568	3.10945890009
3.1329727896	3.11333081791
3.13239212239	3.11720273574
3.13181145519	3.12107465356
3.13123078799	3.12494657139
3.13065012078	3.12881848921
3.13006945358	3.13269040704
3.12948878638	3.13656232487
3.12890811917	3.14043424269
3.12832745197	3.14430616052
3.12774678477	3.14817807834
3.12716611756	3.15204999617
3.12658545036	3.15592191399
3.12600478316	3.15979383182
3.12542411595	3.16366574965
3.12484344875	3.16753766747
3.12426278155	3.1714095853
3.12368211434	3.17528150312
3.12310144714	3.17915342095
3.12252077994	3.18302533877
3.12194011273	3.1868972566
3.12135944553	3.19076917443
3.12077877832	3.19464109225
3.12019811112	3.19851301008
3.11961744392	3.2023849279
3.11903677671	3.20625684573
3.11845610951	3.21012876355
3.11787544231	3.21400068138
3.1172947751	3.21787259921
3.1167141079	3.22174451703
3.1161334407	3.22561643486
3.11555277349	3.22948835268
3.11497210629	3.23336027051
3.11439143909	3.23723218833
3.11381077188	3.24110410616
3.11323010468	3.24497602399
3.11264943748	3.24884794181
3.11206877027	3.25271985964
3.11148810307	3.25659177746
3.11090743587	3.26046369529
3.11032676866	3.26433561311
3.10974610146	3.26820753094
3.10916543425	3.27207944877
3.10858476705	3.27595136659
3.10800409985	3.27982328442
3.10742343264	3.28369520224
3.10684276544	3.28756712007
3.10626209824	3.29143903789
3.10568143103	3.29531095572
3.10510076383	3.29918287355
3.10452009663	3.30305479137
3.10393942942	3.3069267092
3.10335876222	3.31079862702
3.10277809502	3.31467054485
3.10219742781	3.31854246267
3.10161676061	3.3224143805
3.10103609341	3.32628629833
3.1004554262	3.33015821615
3.099874759	3.33403013398
3.0992940918	3.3379020518
3.09871342459	3.34177396963
3.09813275739	3.34564588745
3.09755209019	3.34951780528
3.09697142298	3.35338972311
3.09639075578	3.35726164093
3.09581008857	3.36113355876
3.09522942137	3.36500547658
3.09464875417	3.36887739441
3.09406808696	3.37274931223
3.09348741976	3.37662123006
3.09290675256	3.38049314789
3.09232608535	3.38436506571
3.09174541815	3.38823698354
3.09116475095	3.39210890136
3.09058408374	3.39598081919
3.09000341654	3.39985273701
3.08942274934	3.40372465484
3.08884208213	3.40759657267
3.08826141493	3.41146849049
3.08768074773	3.41534040832
3.08710008052	3.41921232614
3.08651941332	3.42308424397
3.08593874612	3.42695616179
3.08535807891	3.43082807962
3.08477741171	3.43469999745
3.08419674451	3.43857191527
3.0836160773	3.4424438331
3.0830354101	3.44631575092
3.08245474289	3.45018766875
3.08187407569	3.45405958657
3.08129340849	3.4579315044
3.08071274128	3.46180342223
3.08013207408	3.46567534005
3.07955140688	3.46954725788
3.07897073967	3.4734191757
3.07839007247	3.47729109353
3.07780940527	3.48116301135
3.07722873806	3.48503492918
3.07664807086	3.48890684701
3.07606740366	3.49277876483
3.07548673645	3.49665068266
3.07490606925	3.50052260048
3.07432540205	3.50439451831
3.07374473484	3.50826643613
3.07316406764	3.51213835396
3.07258340044	3.51601027179
3.07200273323	3.51988218961
3.07142206603	3.52375410744
3.07084139883	3.52762602526
3.07026073162	3.53149794309
3.06968006442	3.53536986091
3.06909939721	3.53924177874
3.06851873001	3.54311369657
3.06793806281	3.54698561439
3.0673573956	3.55085753222
3.0667767284	3.55472945004
3.0661960612	3.55860136787
3.06561539399	3.56247328569
3.06503472679	3.56634520352
3.06445405959	3.57021712135
3.06387339238	3.57408903917
3.06329272518	3.577960957
3.06271205798	3.58183287482
3.06213139077	3.58570479265
3.06155072357	3.58957671047
3.06097005637	3.5934486283
3.06038938916	3.59732054613
3.05980872196	3.60119246395
3.05922805476	3.60506438178
3.05864738755	3.6089362996
3.05806672035	3.61280821743
3.05748605314	3.61668013525
3.05690538594	3.62055205308
3.05632471874	3.62442397091
3.05574405153	3.62829588873
3.05516338433	3.63216780656
3.05458271713	3.63603972438
3.05400204992	3.63991164221
3.05342138272	3.64378356003
3.05284071552	3.64765547786
3.05226004831	3.65152739569
3.05167938111	3.65539931351
3.05109871391	3.65927123134
3.0505180467	3.66314314916
3.0499373795	3.66701506699
3.0493567123	3.67088698481
3.04877604509	3.67475890264
3.04819537789	3.67863082047
3.04761471069	3.68250273829
3.04703404348	3.68637465612
3.04645337628	3.69024657394
3.04587270908	3.69411849177
3.04529204187	3.69799040959
3.04471137467	3.70186232742
3.04413070746	3.70573424525
3.04355004026	3.70960616307
3.04296937306	3.7134780809
3.04238870585	3.71734999872
3.04180803865	3.72122191655
3.04122737145	3.72509383437
3.04064670424	3.7289657522
3.04006603704	3.73283767003
3.03948536984	3.73670958785
3.03890470263	3.74058150568
3.03832403543	3.7444534235
3.03774336823	3.74832534133
3.03716270102	3.75219725915
3.03658203382	3.75606917698
3.03600136662	3.75994109481
3.03542069941	3.76381301263
3.03484003221	3.76768493046
3.03425936501	3.77155684828
3.0336786978	3.77542876611
3.0330980306	3.77930068393
3.0325173634	3.78317260176
3.03193669619	3.78704451959
3.03135602899	3.79091643741
3.03077536178	3.79478835524
3.03019469458	3.79866027306
3.02961402738	3.80253219089
3.02903336017	3.80640410871
3.02845269297	3.81027602654
3.02787202577	3.81414794437
3.02729135856	3.81801986219
3.02671069136	3.82189178002
3.02613002416	3.82576369784
3.02554935695	3.82963561567
3.02496868975	3.83350753349
3.02438802255	3.83737945132
3.02380735534	3.84125136915
3.02322668814	3.84512328697
3.02264602094	3.8489952048
3.02206535373	3.85286712262
3.02148468653	3.85673904045
3.02090401933	3.86061095827
3.02032335212	3.8644828761
3.01974268492	3.86835479393
3.01916201771	3.87222671175
3.01858135051	3.87609862958
3.01800068331	3.8799705474
3.0174200161	3.88384246523
3.0168393489	3.88771438305
3.0162586817	3.89158630088
3.01567801449	3.89545821871
3.01509734729	3.89933013653
3.01451668009	3.90320205436
3.01393601288	3.90707397218
3.01335534568	3.91094589001
3.01277467848	3.91481780783
3.01219401127	3.91868972566
3.01161334407	3.92256164349
3.01103267687	3.92643356131
3.01045200966	3.93030547914
3.00987134246	3.93417739696
3.00929067526	3.93804931479
3.00871000805	3.94192123261
3.00812934085	3.94579315044
3.00754867365	3.94966506827
3.00696800644	3.95353698609
3.00638733924	3.95740890392
3.00580667203	3.96128082174
3.00522600483	3.96515273957
3.00464533763	3.96902465739
3.00406467042	3.97289657522
3.00348400322	3.97676849305
3.00290333602	3.98064041087
3.00232266881	3.9845123287
3.00174200161	3.98838424652
3.00116133441	3.99225616435
3.0005806672	3.99612808217
3.0	4.0
3.0	4.0
3.01775306274	4.01068959778
3.03558597457	4.02138067924
3.0534987946	4.0320736172
3.07149155879	4.04276879056
3.08952744797	4.05348269673
3.10767773021	4.06418452126
3.12590778626	4.074889812
3.14420709338	4.08560679775
3.16258629298	4.09632892903
3.18105456742	4.10704755776
3.19960215934	4.11777133833
3.21822888686	4.12850070859
3.23693453832	4.13923611445
3.25571887158	4.1499780101
3.27458161331	4.16072685827
3.29352245833	4.17148313045
3.31254106892	4.18224730715
3.33163707417	4.19301987815
3.35081006934	4.20380134279
3.37009113764	4.21461935394
3.38941823054	4.22542138717
3.40882095195	4.23623392512
3.42829875793	4.24705751006
3.44785106781	4.2578926952
3.46747726369	4.26874004504
3.48718696128	4.27960589932
3.50695947838	4.29047962159
3.52680382708	4.30136728767
3.54672163831	4.31226720508
3.56670764881	4.32318427352
3.58675205542	4.33413682768
3.60689989732	4.34509310441
3.62709397482	4.35605996386
3.64735495833	4.36704458111
3.66768186419	4.37804764
3.6880736703	4.38906983755
3.70853115025	4.40011238522
3.72904963017	4.41117503038
3.74962971906	4.4222589871
3.7702702428	4.43336500655
3.7909699899	4.44449385369
3.8117277119	4.4556463073
3.83254212383	4.46682316001
3.85341285685	4.47802552312
3.87433670613	4.48925362567
3.89531318001	4.50050858941
3.91634085353	4.51179126231
3.93742293872	4.52309878293
3.9585493765	4.53443885
3.97972266239	4.54580915408
4.00094126091	4.55721058282
4.02220451834	4.56864437107
4.04350907566	4.58011077396
4.06485418357	4.59161103029
4.08624043191	4.60314781742
4.10766190497	4.6147187307
4.12911897423	4.62632632447
4.15059934914	4.63797835446
4.17212194901	4.64966255466
4.19366443223	4.66139466872
4.21524608179	4.6731590993
4.23685679497	4.68496700709
4.25849882127	4.69681065058
4.28015786057	4.70870179621
4.30183888664	4.72063725618
4.3235401825	4.73261798631
4.34524370169	4.74465249003
4.36697897561	4.75672728728
4.38872932425	4.76885023417
4.41048806875	4.78102631574
4.43226522173	4.79324647847
4.45405073749	4.80551945448
4.47584886467	4.81784476095
4.49765012569	4.83022220355
4.51945681106	4.84265314203
4.54125510741	4.85514096371
4.56306788808	4.86768144136
4.58487746106	4.88027630954
4.60669114801	4.89292787788
4.62850829901	4.9056385652
4.65031706864	4.91840637016
4.67212355601	4.93123088749
4.69390838929	4.94413981315
4.71570709789	4.95708830112
4.73749404691	4.9700928195
4.75928218266	4.9831631838
4.78105191466	4.99629120946
4.80281166121	5.00948083781
4.82456065345	5.02273242432
4.84629818557	5.03604628319
4.86802361312	5.04942268843
4.88973635047	5.06286187544
4.91143586745	5.07636404337
4.93312168506	5.08992935809
4.95479337009	5.10355795604
4.97645052881	5.11724994894
4.99809279948	5.1310054294
5.01972375487	5.14482229734
5.04133595121	5.15870437592
5.06293362201	5.17265130484
5.08451531637	5.1866617479
5.10607975581	5.20073505504
5.12762754887	5.21487221801
5.14913749034	5.22908817236
5.17065049404	5.24335379312
5.19211789109	5.25772432223
5.21359417713	5.27211986177
5.23505110561	5.28658079117
5.25648780866	5.30110772487
5.2779054526	5.31570305983
5.29930194133	5.33036193476
5.32067354913	5.34509248904
5.3420192696	5.35989205137
5.36332319859	5.37474045713
5.3846138155	5.38968510028
5.40587352442	5.40470489157
5.4270998707	5.41980212514
5.44826625533	5.43496885794
5.46937620097	5.45028047627
5.49048531095	5.4656288974
5.51154850991	5.48106728651
5.53253747204	5.49661188999
5.55349719644	5.51224235563
5.57439922039	5.52797544914
5.59523765409	5.54381736425
5.61600787121	5.55977341334
5.63670448519	5.57584974517
5.6573254556	5.59204931846
5.67785574823	5.60838850681
5.69829646056	5.62486706563
5.71863917464	5.64149512563
5.73887712372	5.65828117343
5.75900328804	5.67523418118
5.77901039835	5.6923636156
5.7988909361	5.7096794495
5.81864051106	5.72719536852
5.83824503909	5.74491675388
5.85769902195	5.76285780364
5.87699390073	5.78103070622
5.89612083366	5.79944824211
5.91507069646	5.81812379157
5.93383409398	5.83707133116
5.95240138774	5.85630541444
5.97076274343	5.87584113301
5.98890820145	5.89569405455
6.00682768596	5.91588019204
6.02451138845	5.93641571927
6.04195427832	5.9573097224
6.05913922299	5.97859165593
6.07605660596	6.00027610677
6.09270479913	6.02237197029
6.10907880211	6.04489233481
6.12513475717	6.06780822975
6.14092894029	6.09123910772
6.15642872336	6.11513905962
6.17163656774	6.13951772127
6.18653521691	6.16439414062
6.20114350472	6.18977065739
6.21545715667	6.21565358896
6.22947582221	6.24205228204
6.2432025899	6.26897188971
6.25659077359	6.29632949638
6.26975099192	6.32430680438
6.28263359517	6.35281237546
6.29524492821	6.38184583648
6.30759210377	6.41140529172
6.31968286291	6.44148737551
6.33151633548	6.4720937917
6.34312002787	6.50320490742
6.35449242281	6.53482162505
6.36564764189	6.56692954511
6.37659446557	6.59951992872
6.38734397393	6.63258029891
6.39790944398	6.66609453467
6.40829838962	6.70005267888
6.41852420634	6.73443658023
6.42859812759	6.76922981929
6.43851681852	6.80439606907
6.44831997493	6.83995242601
6.4580002002	6.87586925632
6.46756405317	6.91213027124
6.47702928124	6.94871118992
6.48640248555	6.98559375845
6.49568288277	7.02277274105
6.50488045906	7.06022675126
6.514004534	7.097933147
6.52305018923	7.13589461947
6.53202595289	7.17408875669
6.54093457351	7.21250315401
6.54977812894	7.25112629503
6.5585580912	7.28994756664
6.5672753944	7.32895726406
6.57593050368	7.36814658679
6.58451401547	7.4074975627
6.59304392363	7.44702254169
6.6015108587	7.48670597177
6.60991406032	7.52654246512
6.61825260432	7.56652739767
6.62652544969	7.60665685887
6.63468816124	7.64682291582
6.64282519717	7.68722943931
6.65089124755	7.72777769115
6.65888950834	7.76845441334
6.66681669551	7.80926349007
6.67467105726	7.85020683711
6.68245197553	7.8912822019
6.69015856215	7.93248890373
6.69778387248	7.97382552769
6.70533891584	8.01529346103
6.7128183471	8.05688933139
6.72022246073	8.09861752065
6.7275461645	8.1404711417
6.73479730922	8.18244525171
6.74196587618	8.22454993405
6.7490566962	8.26677687212
6.75606905744	8.30912673711
6.76300785321	8.35159137306
6.76985948706	8.39417395281
6.77663818776	8.43687348219
6.78333992341	8.47968339484
6.78996528004	8.52260016738
6.79651497535	8.565620036
6.80298986476	8.60873902853
6.80939094748	8.65195300045
6.81571937225	8.69525767395
6.82197644246	8.73864867857
6.82816405111	8.78211817471
6.83428302193	8.82566810256
6.84033552423	8.86929104811
6.84632351595	8.91298266945
6.85224912156	8.95673872572
6.85811463051	9.00055510832
6.86392249439	9.04442786829
6.86967532249	9.0883532396
6.87537587612	9.13232765806
6.88103540667	9.1763357117
6.88663961407	9.2203992933
6.89220070936	9.26450251142
6.89772197777	9.30864271389
6.90320504365	9.35282024337
6.90865728996	9.3970268195
6.9140800818	9.44126390582
6.91947546922	9.48553191086
6.9248475913	9.52983073625
6.93021375255	9.57413757058
6.93555591397	9.61848002965
6.94088282861	9.66285953268
6.94622755691	9.70721341204
6.95154992266	9.75161945716
6.9568703829	9.79605042148
6.96219513235	9.84050167534
6.96752788583	9.88497249261
6.9728723029	9.92946218075
6.97823790905	9.97397806512
6.98361452449	10.0185000315
6.98901862817	10.0630429497
6.99447976366	10.1077021073
6.99993196752	10.152270269
7.00542033872	10.1968562396
7.01093938087	10.2414519064
7.01649645171	10.286059908
7.02210236344	10.3306878647
7.02775328955	10.3753350262
7.03344006673	10.4199710243
7.03917676055	10.4646170728
7.04496417895	10.5092678701
7.05080449244	10.5539215271
7.05669973103	10.5985759902
7.06265178296	10.6432290395
7.06866239388	10.6878782871
7.07473316632	10.7325211773
7.08086555956	10.7771549865
7.08706088983	10.8217768253
7.09332033079	10.8663836402
7.0996604719	10.9109467753
7.10605002748	10.9555153604
7.11247278235	10.999997955
7.11894709401	11.0443941742
7.12552761171	11.0888518101
7.13217561518	11.1332711923
7.13889128135	11.1776481775
7.14567139449	11.2219722636
7.15250423354	11.2662259448
7.15941953974	11.3104446815
7.16640173759	11.354602973
7.17345037706	11.3986960941
7.18056489152	11.4427192225
7.18774460052	11.4866674442
7.19498871265	11.5305357598
7.20229632848	11.57431909
7.20966644352	11.6180122808
7.21709795128	11.6616101096
7.22458964638	11.7051072899
7.23212157281	11.7484258051
7.23974906567	11.7915871859
7.24740828518	11.834744903
7.25512905165	11.8777266282
7.26289432119	11.9206327977
7.27070261938	11.9633974398
7.27856845554	12.0060304062
7.28648168334	12.0485182764
7.29444035684	12.0908554485
7.30244246788	12.1330363129
7.31048595033	12.175055258
7.31855496961	12.2168755105
7.3266567467	12.2585244019
7.33481098882	12.3000227844
7.34299780938	12.3413368472
7.35121491865	12.3824610737
7.35945999615	12.4233899885
7.36773069542	12.4641181653
7.37602464876	12.504640235
7.38433947199	12.5449508937
7.39267276928	12.585044912
7.40102213786	12.6249171429
7.40938517283	12.6645625311
7.41775947181	12.7039761214
7.42614263954	12.7431530678
7.4345322925	12.782088642
7.44292606325	12.8207782424
7.45132160483	12.8592174023
7.45971659489	12.8974017983
7.46810873976	12.9353272586
7.4764957783	12.9729897702
7.48487548558	13.0103854868
7.49324567639	13.0475107354
7.50160420855	13.0843620229
7.509948986	13.1209360424
7.51827796163	13.157229678
7.52658913999	13.1932400103
7.53488057967	13.2289643205
7.54314972399	13.264398285
7.55139533467	13.2995408562
7.55962802961	13.334406869
7.56782182327	13.3689636766
7.5759870585	13.4032239683
7.58414942426	13.4371328991
7.59225176661	13.4707986537
7.60031935836	13.5041620241
7.60835439185	13.5372264549
7.61635363416	13.569989053
7.62431583716	13.6024494201
7.63223981778	13.6346073597
7.64012445784	13.6664628732
7.64796870361	13.6980161562
7.65578030584	13.7292748484
7.66354042081	13.760224605
7.67125416864	13.7908707209
7.67892755715	13.8212207875
7.68655620138	13.8512723199
7.69413942265	13.8810265785
7.70167659991	13.9104849791
7.70916716846	13.9396490869
7.71661061862	13.9685206102
7.72400649438	13.9971013934
7.73135926497	14.0253968667
7.7386586205	14.0534020615
7.74591394266	14.0811261475
7.75311558652	14.1085646099
7.76026814718	14.1357233786
7.76737145803	14.1626049741
7.7744212742	14.1892088605
7.78142621493	14.2155444106
7.78839216563	14.2416178417
7.79529759609	14.2674176627
7.8021532699	14.2929586875
7.8089699961	14.3182411694
7.81578500457	14.3432633516
7.82249007185	14.3680265608
7.82914624932	14.3925386417
7.83579162819	14.4167111939
7.84234903091	14.4407348392
7.84885825526	14.4645166779
7.85531956794	14.488059941
7.86173325954	14.5113678779
7.86809964324	14.5344437524
7.87441905363	14.5572908392
7.88069184549	14.5799124194
7.88691839266	14.6023117777
7.89309908696	14.624492199
7.89923433709	14.6464569649
7.90532456763	14.6682093512
7.91137021801	14.6897526251
7.9173717416	14.7110900424
7.92332960477	14.7322248454
7.92924863762	14.7531606794
7.9351204721	14.7738998923
7.94095011973	14.7944461159
7.94673809027	14.814802517
7.95248490241	14.8349722395
7.9581910831	14.8549584026
7.96385716681	14.8747640993
7.9694978406	14.8943788961
7.97508484578	14.9138333527
7.98063341469	14.9331164345
7.9861441052	14.9522311199
7.99161747976	14.9711803563
7.99705410494	14.9899670591
8.00245455093	15.0085941115
8.0	15.0
7.99498746867	15.0050125313
7.98997493734	15.0100250627
7.98496240602	15.015037594
7.97994987469	15.0200501253
7.97493734336	15.0250626566
7.96992481203	15.030075188
7.9649122807	15.0350877193
7.95989974937	15.0401002506
7.95488721805	15.045112782
7.94987468672	15.0501253133
7.94486215539	15.0551378446
7.93984962406	15.0601503759
7.93483709273	15.0651629073
7.9298245614	15.0701754386
7.92481203008	15.0751879699
7.91979949875	15.0802005013
7.91478696742	15.0852130326
7.90977443609	15.0902255639
7.90476190476	15.0952380952
7.89974937343	15.1002506266
7.89473684211	15.1052631579
7.88972431078	15.1102756892
7.88471177945	15.1152882206
7.87969924812	15.1203007519
7.87468671679	15.1253132832
7.86967418546	15.1303258145
7.86466165414	15.1353383459
7.85964912281	15.1403508772
7.85463659148	15.1453634085
7.84962406015	15.1503759398
7.84461152882	15.1553884712
7.83959899749	15.1604010025
7.83458646617	15.1654135338
7.82957393484	15.1704260652
7.82456140351	15.1754385965
7.81954887218	15.1804511278
7.81453634085	15.1854636591
7.80952380952	15.1904761905
7.8045112782	15.1954887218
7.79949874687	15.2005012531
7.79448621554	15.2055137845
7.78947368421	15.2105263158
7.78446115288	15.2155388471
7.77944862155	15.2205513784
7.77443609023	15.2255639098
7.7694235589	15.2305764411
7.76441102757	15.2355889724
7.75939849624	15.2406015038
7.75438596491	15.2456140351
7.74937343358	15.2506265664
7.74436090226	15.2556390977
7.73934837093	15.2606516291
7.7343358396	15.2656641604
7.72932330827	15.2706766917
7.72431077694	15.2756892231
7.71929824561	15.2807017544
7.71428571429	15.2857142857
7.70927318296	15.290726817
7.70426065163	15.2957393484
7.6992481203	15.3007518797
7.69423558897	15.305764411
7.68922305764	15.3107769424
7.68421052632	15.3157894737
7.67919799499	15.320802005
7.67418546366	15.3258145363
7.66917293233	15.3308270677
7.664160401	15.335839599
7.65914786967	15.3408521303
7.65413533835	15.3458646617
7.64912280702	15.350877193
7.64411027569	15.3558897243
7.63909774436	15.3609022556
7.63408521303	15.365914787
7.6290726817	15.3709273183
7.62406015038	15.3759398496
7.61904761905	15.380952381
7.61403508772	15.3859649123
7.60902255639	15.3909774436
7.60401002506	15.3959899749
7.59899749373	15.4010025063
7.59398496241	15.4060150376
7.58897243108	15.4110275689
7.58395989975	15.4160401003
7.57894736842	15.4210526316
7.57393483709	15.4260651629
7.56892230576	15.4310776942
7.56390977444	15.4360902256
7.55889724311	15.4411027569
7.55388471178	15.4461152882
7.54887218045	15.4511278195
7.54385964912	15.4561403509
7.53884711779	15.4611528822
7.53383458647	15.4661654135
7.52882205514	15.4711779449
7.52380952381	15.4761904762
7.51879699248	15.4812030075
7.51378446115	15.4862155388
7.50877192982	15.4912280702
7.5037593985	15.4962406015
7.49874686717	15.5012531328
7.49373433584	15.5062656642
7.48872180451	15.5112781955
7.48370927318	15.5162907268
7.47869674185	15.5213032581
7.47368421053	15.5263157895
7.4686716792	15.5313283208
7.46365914787	15.5363408521
7.45864661654	15.5413533835
7.45363408521	15.5463659148
7.44862155388	15.5513784461
7.44360902256	15.5563909774
7.43859649123	15.5614035088
7.4335839599	15.5664160401
7.42857142857	15.5714285714
7.42355889724	15.5764411028
7.41854636591	15.5814536341
7.41353383459	15.5864661654
7.40852130326	15.5914786967
7.40350877193	15.5964912281
7.3984962406	15.6015037594
7.39348370927	15.6065162907
7.38847117794	15.6115288221
7.38345864662	15.6165413534
7.37844611529	15.6215538847
7.37343358396	15.626566416
7.36842105263	15.6315789474
7.3634085213	15.6365914787
7.35839598997	15.64160401
7.35338345865	15.6466165414
7.34837092732	15.6516290727
7.34335839599	15.656641604
7.33834586466	15.6616541353
7.33333333333	15.6666666667
7.32832080201	15.671679198
7.32330827068	15.6766917293
7.31829573935	15.6817042607
7.31328320802	15.686716792
7.30827067669	15.6917293233
7.30325814536	15.6967418546
7.29824561404	15.701754386
7.29323308271	15.7067669173
7.28822055138	15.7117794486
7.28320802005	15.7167919799
7.27819548872	15.7218045113
7.27318295739	15.7268170426
7.26817042607	15.7318295739
7.26315789474	15.7368421053
7.25814536341	15.7418546366
7.25313283208	15.7468671679
7.24812030075	15.7518796992
7.24310776942	15.7568922306
7.2380952381	15.7619047619
7.23308270677	15.7669172932
7.22807017544	15.7719298246
7.22305764411	15.7769423559
7.21804511278	15.7819548872
7.21303258145	15.7869674185
7.20802005013	15.7919799499
7.2030075188	15.7969924812
7.19799498747	15.8020050125
7.19298245614	15.8070175439
7.18796992481	15.8120300752
7.18295739348	15.8170426065
7.17794486216	15.8220551378
7.17293233083	15.8270676692
7.1679197995	15.8320802005
7.16290726817	15.8370927318
7.15789473684	15.8421052632
7.15288220551	15.8471177945
7.14786967419	15.8521303258
7.14285714286	15.8571428571
7.13784461153	15.8621553885
7.1328320802	15.8671679198
7.12781954887	15.8721804511
7.12280701754	15.8771929825
7.11779448622	15.8822055138
7.11278195489	15.8872180451
7.10776942356	15.8922305764
7.10275689223	15.8972431078
7.0977443609	15.9022556391
7.09273182957	15.9072681704
7.08771929825	15.9122807018
7.08270676692	15.9172932331
7.07769423559	15.9223057644
7.07268170426	15.9273182957
7.06766917293	15.9323308271
7.0626566416	15.9373433584
7.05764411028	15.9423558897
7.05263157895	15.9473684211
7.04761904762	15.9523809524
7.04260651629	15.9573934837
7.03759398496	15.962406015
7.03258145363	15.9674185464
7.02756892231	15.9724310777
7.02255639098	15.977443609
7.01754385965	15.9824561404
7.01253132832	15.9874686717
7.00751879699	15.992481203
7.00250626566	15.9974937343
6.99749373434	16.0025062657
6.99248120301	16.007518797
6.98746867168	16.0125313283
6.98245614035	16.0175438596
6.97744360902	16.022556391
6.97243107769	16.0275689223
6.96741854637	16.0325814536
6.96240601504	16.037593985
6.95739348371	16.0426065163
6.95238095238	16.0476190476
6.94736842105	16.0526315789
6.94235588972	16.0576441103
6.9373433584	16.0626566416
6.93233082707	16.0676691729
6.92731829574	16.0726817043
6.92230576441	16.0776942356
6.91729323308	16.0827067669
6.91228070175	16.0877192982
6.90726817043	16.0927318296
6.9022556391	16.0977443609
6.89724310777	16.1027568922
6.89223057644	16.1077694236
6.88721804511	16.1127819549
6.88220551378	16.1177944862
6.87719298246	16.1228070175
6.87218045113	16.1278195489
6.8671679198	16.1328320802
6.86215538847	16.1378446115
6.85714285714	16.1428571429
6.85213032581	16.1478696742
6.84711779449	16.1528822055
6.84210526316	16.1578947368
6.83709273183	16.1629072682
6.8320802005	16.1679197995
6.82706766917	16.1729323308
6.82205513784	16.1779448622
6.81704260652	16.1829573935
6.81203007519	16.1879699248
6.80701754386	16.1929824561
6.80200501253	16.1979949875
6.7969924812	16.2030075188
6.79197994987	16.2080200501
6.78696741855	16.2130325815
6.78195488722	16.2180451128
6.77694235589	16.2230576441
6.77192982456	16.2280701754
6.76691729323	16.2330827068
6.7619047619	16.2380952381
6.75689223058	16.2431077694
6.75187969925	16.2481203008
6.74686716792	16.2531328321
6.74185463659	16.2581453634
6.73684210526	16.2631578947
6.73182957393	16.2681704261
6.72681704261	16.2731829574
6.72180451128	16.2781954887
6.71679197995	16.2832080201
6.71177944862	16.2882205514
6.70676691729	16.2932330827
6.70175438596	16.298245614
6.69674185464	16.3032581454
6.69172932331	16.3082706767
6.68671679198	16.313283208
6.68170426065	16.3182957393
6.67669172932	16.3233082707
6.67167919799	16.328320802
6.66666666667	16.3333333333
6.66165413534	16.3383458647
6.65664160401	16.343358396
6.65162907268	16.3483709273
6.64661654135	16.3533834586
6.64160401003	16.35839599
6.6365914787	16.3634085213
6.63157894737	16.3684210526
6.62656641604	16.373433584
6.62155388471	16.3784461153
6.61654135338	16.3834586466
6.61152882206	16.3884711779
6.60651629073	16.3934837093
6.6015037594	16.3984962406
6.59649122807	16.4035087719
6.59147869674	16.4085213033
6.58646616541	16.4135338346
6.58145363409	16.4185463659
6.57644110276	16.4235588972
6.57142857143	16.4285714286
6.5664160401	16.4335839599
6.56140350877	16.4385964912
6.55639097744	16.4436090226
6.55137844612	16.4486215539
6.54636591479	16.4536340852
6.54135338346	16.4586466165
6.53634085213	16.4636591479
6.5313283208	16.4686716792
6.52631578947	16.4736842105
6.52130325815	16.4786967419
6.51629072682	16.4837092732
6.51127819549	16.4887218045
6.50626566416	16.4937343358
6.50125313283	16.4987468672
6.4962406015	16.5037593985
6.49122807018	16.5087719298
6.48621553885	16.5137844612
6.48120300752	16.5187969925
6.47619047619	16.5238095238
6.47117794486	16.5288220551
6.46616541353	16.5338345865
6.46115288221	16.5388471178
6.45614035088	16.5438596491
6.45112781955	16.5488721805
6.44611528822	16.5538847118
6.44110275689	16.5588972431
6.43609022556	16.5639097744
6.43107769424	16.5689223058
6.42606516291	16.5739348371
6.42105263158	16.5789473684
6.41604010025	16.5839598997
6.41102756892	16.5889724311
6.40601503759	16.5939849624
6.40100250627	16.5989974937
6.39598997494	16.6040100251
6.39097744361	16.6090225564
6.38596491228	16.6140350877
6.38095238095	16.619047619
6.37593984962	16.6240601504
6.3709273183	16.6290726817
6.36591478697	16.634085213
6.36090225564	16.6390977444
6.35588972431	16.6441102757
6.35087719298	16.649122807
6.34586466165	16.6541353383
6.34085213033	16.6591478697
6.335839599	16.664160401
6.33082706767	16.6691729323
6.32581453634	16.6741854637
6.32080200501	16.679197995
6.31578947368	16.6842105263
6.31077694236	16.6892230576
6.30576441103	16.694235589
6.3007518797	16.6992481203
6.29573934837	16.7042606516
6.29072681704	16.709273183
6.28571428571	16.7142857143
6.28070175439	16.7192982456
6.27568922306	16.7243107769
6.27067669173	16.7293233083
6.2656641604	16.7343358396
6.26065162907	16.7393483709
6.25563909774	16.7443609023
6.25062656642	16.7493734336
6.24561403509	16.7543859649
6.24060150376	16.7593984962
6.23558897243	16.7644110276
6.2305764411	16.7694235589
6.22556390977	16.7744360902
6.22055137845	16.7794486216
6.21553884712	16.7844611529
6.21052631579	16.7894736842
6.20551378446	16.7944862155
6.20050125313	16.7994987469
6.1954887218	16.8045112782
6.19047619048	16.8095238095
6.18546365915	16.8145363409
6.18045112782	16.8195488722
6.17543859649	16.8245614035
6.17042606516	16.8295739348
6.16541353383	16.8345864662
6.16040100251	16.8395989975
6.15538847118	16.8446115288
6.15037593985	16.8496240602
6.14536340852	16.8546365915
6.14035087719	16.8596491228
6.13533834586	16.8646616541
6.13032581454	16.8696741855
6.12531328321	16.8746867168
6.12030075188	16.8796992481
6.11528822055	16.8847117794
6.11027568922	16.8897243108
6.10526315789	16.8947368421
6.10025062657	16.8997493734
6.09523809524	16.9047619048
6.09022556391	16.9097744361
6.08521303258	16.9147869674
6.08020050125	16.9197994987
6.07518796992	16.9248120301
6.0701754386	16.9298245614
6.06516290727	16.9348370927
6.06015037594	16.9398496241
6.05513784461	16.9448621554
6.05012531328	16.9498746867
6.04511278195	16.954887218
6.04010025063	16.9598997494
6.0350877193	16.9649122807
6.03007518797	16.969924812
6.02506265664	16.9749373434
6.02005012531	16.9799498747
6.01503759398	16.984962406
6.01002506266	16.9899749373
6.00501253133	16.9949874687
6.0	17.0
6.0	17.0
5.99335099911	16.999109483
5.98670199822	16.998218966
5.98005299733	16.997328449
5.97340399644	16.996437932
5.96675499554	16.995547415
5.96010599465	16.994656898
5.95345699376	16.993766381
5.94680799287	16.992875864
5.94015899198	16.9919853469
5.93350999109	16.9910948299
5.9268609902	16.9902043129
5.92021198931	16.9893137959
5.91356298842	16.9884232789
5.90691398753	16.9875327619
5.90026498663	16.9866422449
5.89361598574	16.9857517279
5.88696698485	16.9848612109
5.88031798396	16.9839706939
5.87366898307	16.9830801769
5.86701998218	16.9821896599
5.86037098129	16.9812991429
5.8537219804	16.9804086259
5.84707297951	16.9795181089
5.84042397862	16.9786275919
5.83377497772	16.9777370749
5.82712597683	16.9768465579
5.82047697594	16.9759560408
5.81382797505	16.9750655238
5.80717897416	16.9741750068
5.80052997327	16.9732844898
5.79388097238	16.9723939728
5.78723197149	16.9715034558
5.7805829706	16.9706129388
5.77393396971	16.9697224218
5.76728496881	16.9688319048
5.76063596792	16.9679413878
5.75398696703	16.9670508708
5.74733796614	16.9661603538
5.74068896525	16.9652698368
5.73403996436	16.9643793198
5.72739096347	16.9634888028
5.72074196258	16.9625982858
5.71409296169	16.9617077688
5.7074439608	16.9608172517
5.7007949599	16.9599267347
5.69414595901	16.9590362177
5.68749695812	16.9581457007
5.68084795723	16.9572551837
5.67419895634	16.9563646667
5.66754995545	16.9554741497
5.66090095456	16.9545836327
5.65425195367	16.9536931157
5.64760295278	16.9528025987
5.64095395189	16.9519120817
5.63430495099	16.9510215647
5.6276559501	16.9501310477
5.62100694921	16.9492405307
5.61435794832	16.9483500137
5.60770894743	16.9474594967
5.60105994654	16.9465689797
5.59441094565	16.9456784626
5.58776194476	16.9447879456
5.58111294387	16.9438974286
5.57446394298	16.9430069116
5.56781494208	16.9421163946
5.56116594119	16.9412258776
5.5545169403	16.9403353606
5.54786793941	16.9394448436
5.54121893852	16.9385543266
5.53456993763	16.9376638096
5.52792093674	16.9367732926
5.52127193585	16.9358827756
5.51462293496	16.9349922586
5.50797393407	16.9341017416
5.50132493317	16.9332112246
5.49467593228	16.9323207076
5.48802693139	16.9314301906
5.4813779305	16.9305396736
5.47472892961	16.9296491565
5.46807992872	16.9287586395
5.46143092783	16.9278681225
5.45478192694	16.9269776055
5.44813292605	16.9260870885
5.44148392516	16.9251965715
5.43483492426	16.9243060545
5.42818592337	16.9234155375
5.42153692248	16.9225250205
5.41488792159	16.9216345035
5.4082389207	16.9207439865
5.40158991981	16.9198534695
5.39494091892	16.9189629525
5.38829191803	16.9180724355
5.38164291714	16.9171819185
5.37499391625	16.9162914015
5.36834491535	16.9154008845
5.36169591446	16.9145103674
5.35504691357	16.9136198504
5.34839791268	16.9127293334
5.34174891179	16.9118388164
5.3350999109	16.9109482994
5.32845091001	16.9100577824
5.32180190912	16.9091672654
5.31515290823	16.9082767484
5.30850390734	16.9073862314
5.30185490644	16.9064957144
5.29520590555	16.9056051974
5.28855690466	16.9047146804
5.28190790377	16.9038241634
5.27525890288	16.9029336464
5.26860990199	16.9020431294
5.2619609011	16.9011526124
5.25531190021	16.9002620954
5.24866289932	16.8993715783
5.24201389843	16.8984810613
5.23536489753	16.8975905443
5.22871589664	16.8967000273
5.22206689575	16.8958095103
5.21541789486	16.8949189933
5.20876889397	16.8940284763
5.20211989308	16.8931379593
5.19547089219	16.8922474423
5.1888218913	16.8913569253
5.18217289041	16.8904664083
5.17552388952	16.8895758913
5.16887488862	16.8886853743
5.16222588773	16.8877948573
5.15557688684	16.8869043403
5.14892788595	16.8860138233
5.14227888506	16.8851233063
5.13562988417	16.8842327893
5.12898088328	16.8833422722
5.12233188239	16.8824517552
5.1156828815	16.8815612382
5.10903388061	16.8806707212
5.10238487971	16.8797802042
5.09573587882	16.8788896872
5.08908687793	16.8779991702
5.08243787704	16.8771086532
5.07578887615	16.8762181362
5.06913987526	16.8753276192
5.06249087437	16.8744371022
5.05584187348	16.8735465852
5.04919287259	16.8726560682
5.0425438717	16.8717655512
5.0358948708	16.8708750342
5.02924586991	16.8699845172
5.02259686902	16.8690940002
5.01594786813	16.8682034831
5.00929886724	16.8673129661
5.00264986635	16.8664224491
4.99600086546	16.8655319321
4.98935186457	16.8646414151
4.98270286368	16.8637508981
4.97605386279	16.8628603811
4.96940486189	16.8619698641
4.962755861	16.8610793471
4.95610686011	16.8601888301
4.94945785922	16.8592983131
4.94280885833	16.8584077961
4.93615985744	16.8575172791
4.92951085655	16.8566267621
4.92286185566	16.8557362451
4.91621285477	16.8548457281
4.90956385388	16.8539552111
4.90291485298	16.853064694
4.89626585209	16.852174177
4.8896168512	16.85128366
4.88296785031	16.850393143
4.87631884942	16.849502626
4.86966984853	16.848612109
4.86302084764	16.847721592
4.85637184675	16.846831075
4.84972284586	16.845940558
4.84307384497	16.845050041
4.83642484407	16.844159524
4.82977584318	16.843269007
4.82312684229	16.84237849
4.8164778414	16.841487973
4.80982884051	16.840597456
4.80317983962	16.839706939
4.79653083873	16.838816422
4.78988183784	16.837925905
4.78323283695	16.8370353879
4.77658383606	16.8361448709
4.76993483516	16.8352543539
4.76328583427	16.8343638369
4.75663683338	16.8334733199
4.74998783249	16.8325828029
4.7433388316	16.8316922859
4.73668983071	16.8308017689
4.73004082982	16.8299112519
4.72339182893	16.8290207349
4.71674282804	16.8281302179
4.71009382715	16.8272397009
4.70344482625	16.8263491839
4.69679582536	16.8254586669
4.69014682447	16.8245681499
4.68349782358	16.8236776329
4.67684882269	16.8227871159
4.6701998218	16.8218965988
4.66355082091	16.8210060818
4.65690182002	16.8201155648
4.65025281913	16.8192250478
4.64360381824	16.8183345308
4.63695481734	16.8174440138
4.63030581645	16.8165534968
4.62365681556	16.8156629798
4.61700781467	16.8147724628
4.61035881378	16.8138819458
4.60370981289	16.8129914288
4.597060812	16.8121009118
4.59041181111	16.8112103948
4.58376281022	16.8103198778
4.57711380933	16.8094293608
4.57046480843	16.8085388438
4.56381580754	16.8076483268
4.55716680665	16.8067578097
4.55051780576	16.8058672927
4.54386880487	16.8049767757
4.53721980398	16.8040862587
4.53057080309	16.8031957417
4.5239218022	16.8023052247
4.51727280131	16.8014147077
4.51062380042	16.8005241907
4.50397479952	16.7996336737
4.49732579863	16.7987431567
4.49067679774	16.7978526397
4.48402779685	16.7969621227
4.47737879596	16.7960716057
4.47072979507	16.7951810887
4.46408079418	16.7942905717
4.45743179329	16.7934000547
4.4507827924	16.7925095377
4.44413379151	16.7916190207
4.43748479061	16.7907285036
4.43083578972	16.7898379866
4.42418678883	16.7889474696
4.41753778794	16.7880569526
4.41088878705	16.7871664356
4.40423978616	16.7862759186
4.39759078527	16.7853854016
4.39094178438	16.7844948846
4.38429278349	16.7836043676
4.3776437826	16.7827138506
4.3709947817	16.7818233336
4.36434578081	16.7809328166
4.35769677992	16.7800422996
4.35104777903	16.7791517826
4.34439877814	16.7782612656
4.33774977725	16.7773707486
4.33110077636	16.7764802316
4.32445177547	16.7755897145
4.31780277458	16.7746991975
4.31115377369	16.7738086805
4.30450477279	16.7729181635
4.2978557719	16.7720276465
4.29120677101	16.7711371295
4.28455777012	16.7702466125
4.27790876923	16.7693560955
4.27125976834	16.7684655785
4.26461076745	16.7675750615
4.25796176656	16.7666845445
4.25131276567	16.7657940275
4.24466376478	16.7649035105
4.23801476388	16.7640129935
4.23136576299	16.7631224765
4.2247167621	16.7622319595
4.21806776121	16.7613414425
4.21141876032	16.7604509254
4.20476975943	16.7595604084
4.19812075854	16.7586698914
4.19147175765	16.7577793744
4.18482275676	16.7568888574
4.17817375587	16.7559983404
4.17152475497	16.7551078234
4.16487575408	16.7542173064
4.15822675319	16.7533267894
4.1515777523	16.7524362724
4.14492875141	16.7515457554
4.13827975052	16.7506552384
4.13163074963	16.7497647214
4.12498174874	16.7488742044
4.11833274785	16.7479836874
4.11168374696	16.7470931704
4.10503474606	16.7462026534
4.09838574517	16.7453121364
4.09173674428	16.7444216193
4.08508774339	16.7435311023
4.0784387425	16.7426405853
4.07178974161	16.7417500683
4.06514074072	16.7408595513
4.05849173983	16.7399690343
4.05184273894	16.7390785173
4.04519373805	16.7381880003
4.03854473715	16.7372974833
4.03189573626	16.7364069663
4.02524673537	16.7355164493
4.01859773448	16.7346259323
4.01194873359	16.7337354153
4.0052997327	16.7328448983
3.99865073181	16.7319543813
3.99200173092	16.7310638643
3.98535273003	16.7301733473
3.97870372914	16.7292828302
3.97205472824	16.7283923132
3.96540572735	16.7275017962
3.95875672646	16.7266112792
3.95210772557	16.7257207622
3.94545872468	16.7248302452
3.93880972379	16.7239397282
3.9321607229	16.7230492112
3.92551172201	16.7221586942
3.91886272112	16.7212681772
3.91221372023	16.7203776602
3.90556471933	16.7194871432
3.89891571844	16.7185966262
3.89226671755	16.7177061092
3.88561771666	16.7168155922
3.87896871577	16.7159250752
3.87231971488	16.7150345582
3.86567071399	16.7141440411
3.8590217131	16.7132535241
3.85237271221	16.7123630071
3.84572371132	16.7114724901
3.83907471042	16.7105819731
3.83242570953	16.7096914561
3.82577670864	16.7088009391
3.81912770775	16.7079104221
3.81247870686	16.7070199051
3.80582970597	16.7061293881
3.79918070508	16.7052388711
3.79253170419	16.7043483541
3.7858827033	16.7034578371
3.77923370241	16.7025673201
3.77258470151	16.7016768031
3.76593570062	16.7007862861
3.75928669973	16.6998957691
3.75263769884	16.6990052521
3.74598869795	16.698114735
3.73933969706	16.697224218
3.73269069617	16.696333701
3.72604169528	16.695443184
3.71939269439	16.694552667
3.7127436935	16.69366215
3.7060946926	16.692771633
3.69944569171	16.691881116
3.69279669082	16.690990599
3.68614768993	16.690100082
3.67949868904	16.689209565
3.67284968815	16.688319048
3.66620068726	16.687428531
3.65955168637	16.686538014
3.65290268548	16.685647497
3.64625368459	16.68475698
3.63960468369	16.683866463
3.6329556828	16.6829759459
3.62630668191	16.6820854289
3.61965768102	16.6811949119
3.61300868013	16.6803043949
3.60635967924	16.6794138779
3.59971067835	16.6785233609
3.59306167746	16.6776328439
3.58641267657	16.6767423269
3.57976367568	16.6758518099
3.57311467478	16.6749612929
3.56646567389	16.6740707759
3.559816673	16.6731802589
3.55316767211	16.6722897419
3.54651867122	16.6713992249
3.53986967033	16.6705087079
3.53322066944	16.6696181909
3.52657166855	16.6687276739
3.51992266766	16.6678371568
3.51327366677	16.6669466398
3.50662466587	16.6660561228
3.49997566498	16.6651656058
3.49332666409	16.6642750888
3.4866776632	16.6633845718
3.48002866231	16.6624940548
3.47337966142	16.6616035378
3.46673066053	16.6607130208
3.46008165964	16.6598225038
3.45343265875	16.6589319868
3.44678365786	16.6580414698
3.44013465696	16.6571509528
3.43348565607	16.6562604358
3.42683665518	16.6553699188
3.42018765429	16.6544794018
3.4135386534	16.6535888848
3.40688965251	16.6526983678
3.40024065162	16.6518078507
3.39359165073	16.6509173337
3.38694264984	16.6500268167
3.38029364895	16.6491362997
3.37364464805	16.6482457827
3.36699564716	16.6473552657
3.36034664627	16.6464647487
3.35369764538	16.6455742317
3.34704864449	16.6446837147
