22.5961723337	14.8076257524
22.5845376489	14.8009991449
22.5729194364	14.7943755778
22.5613177005	14.7877550422
22.5497324403	14.781137528
22.5381636501	14.7745230244
22.5266113188	14.7679115196
22.5150795057	14.7613004075
22.5035605919	14.7546945047
22.4920581415	14.7480915152
22.4805721294	14.7414914194
22.4691025252	14.7348941966
22.4576492936	14.728299825
22.4462123938	14.7217082818
22.43479178	14.7151195436
22.4233874009	14.7085335857
22.4119991999	14.7019503828
22.4006271151	14.6953699083
22.3892710792	14.6887921352
22.3779310194	14.6822170353
22.3666068577	14.6756445795
22.3552985108	14.6690747379
22.3440058898	14.6625074796
22.332728901	14.6559427725
22.3214674449	14.6493805838
22.3102214174	14.6428208793
22.298990709	14.6362636238
22.2877752052	14.6297087807
22.2765747869	14.6231563119
22.26538933	14.6166061782
22.2542187058	14.6100583383
22.2430627812	14.6035127494
22.2319214185	14.5969693667
22.2207944761	14.5904281432
22.2096818081	14.5838890295
22.198583265	14.5773519737
22.1874986932	14.5708169213
22.1764279361	14.5642838143
22.1653708334	14.5577525918
22.154327222	14.5512231891
22.1432969356	14.5446955375
22.1322798054	14.5381695642
22.1212756599	14.5316451916
22.1102843255	14.5251223375
22.0993056264	14.518600914
22.0883393847	14.5120808279
22.0773854209	14.5055619796
22.0664435538	14.4990442631
22.0555136007	14.4925275657
22.0445953776	14.4860117672
22.0336886992	14.4794967399
22.0227933791	14.4729823479
22.0119092297	14.4664684468
22.0010360623	14.4599548833
21.9901736869	14.453441495
21.9793219126	14.4469281095
21.968480547	14.4404145448
21.9576493963	14.4339006085
21.9468170922	14.4273772303
21.9360036144	14.420860215
21.925199628	14.414342084
21.9144049282	14.407822599
21.9036193069	14.4013015103
21.8928425531	14.3947785567
21.8820657969	14.388256913
21.8713047945	14.3817299359
21.8605493475	14.3751891282
21.8498041215	14.3686557113
21.8390665045	14.3621189505
21.8283362454	14.3555785168
21.8176130843	14.3490340708
21.8068954511	14.3424870872
21.7961855012	14.3359337959
21.7854817878	14.3293754445
21.7747849094	14.3228146939
21.7640928827	14.3162456056
21.7534061461	14.3096703938
21.742724346	14.3030886766
21.7320471101	14.2965000683
21.7213740457	14.2899041814
21.710704738	14.2833006272
21.700038749	14.2766890173
21.6893756151	14.2700689652
21.6787148461	14.2634400876
21.6680581018	14.2567987694
21.6574001351	14.2501542589
21.6467439614	14.243496086
21.6360881109	14.2368274158
21.6254319911	14.2301478517
21.6147749858	14.2234569981
21.6041164555	14.2167544599
21.5934557391	14.2100398416
21.5827913647	14.2033110279
21.5721240944	14.1965706725
21.5614525255	14.1898169584
21.5507758915	14.1830491343
21.5400935186	14.1762673317
21.5294046334	14.1694708318
21.5187084913	14.1626591559
21.5080043517	14.1558318001
21.4972914831	14.1489882307
21.4865704989	14.1421227239
21.4758382411	14.1352441675
21.4650951938	14.1283474467
21.4543368192	14.1214348217
21.443569528	14.1145001527
21.4327895159	14.1075450738
21.4219962403	14.100568693
21.411189198	14.0935700521
21.4003679235	14.0865481267
21.3895319281	14.0795011655
21.3786809081	14.0724291329
21.367814438	14.0653303018
21.3569321455	14.0582033944
21.3460337844	14.0510464909
21.3351187142	14.0438593258
21.3241866043	14.0366400156
21.3132369443	14.0293871821
21.3022691299	14.022099464
21.291283796	14.0147725513
21.2802743703	14.0074048515
21.2692472176	14.0000042591
21.2581978286	13.9925642202
21.2471249241	13.9850832238
21.2360265459	13.9775607549
21.2249018225	13.9699959216
21.2137468359	13.9623890475
21.2025597342	13.9547392117
21.1913378712	13.9470466316
21.1800785407	13.939311507
21.1687824286	13.9315400737
21.1574384986	13.9237234063
21.1460514468	13.9158644737
21.1346195306	13.907965795
21.1231422147	13.9000283704
21.1116215406	13.8920532683
21.1000607914	13.8840416347
21.0884649084	13.8759947216
21.0768403165	13.8679139571
21.0651944677	13.8598010539
21.053535036	13.8516581436
21.0418686939	13.8434879086
21.0302010054	13.8352933811
21.018528629	13.8270789825
21.0068439444	13.8188491011
20.9951280655	13.8106087016
20.9833495236	13.8023629122
20.9714642277	13.7941169396
20.9594145343	13.7858755273
20.9471339767	13.7776422581
20.9345508779	13.7694248429
20.921581776	13.7612264444
20.908135296	13.7530510062
20.8941199286	13.7449019764
20.8794803808	13.73677648
20.864230678	13.7286897172
20.8484351077	13.7206367469
20.8321858949	13.7126157077
20.8155850442	13.7046176626
20.7987362879	13.6966347005
20.7817391606	13.6886572922
20.7646744144	13.6806781159
20.7475912542	13.6726902718
20.7305198551	13.6646881832
20.7134679599	13.6566658963
20.6964307225	13.6486235929
20.6793974503	13.6405619566
20.6623549136	13.6324800044
20.6452917065	13.6243790609
20.6281933304	13.6162622023
20.611064425	13.6081267512
20.5938971228	13.5999759335
20.5766911133	13.5918112815
20.5594477295	13.5836344838
20.5421710626	13.5754474348
20.5248660413	13.5672511707
20.5075334829	13.5590501457
20.4901803269	13.5508452358
20.4728110057	13.5426387971
20.4554295777	13.534432922
20.4380391352	13.5262305971
20.4206438918	13.5180377241
20.4032472133	13.5098482353
20.3858497453	13.5016681252
20.3684539599	13.4934986991
20.3510611636	13.4853406013
20.3336729583	13.4771962288
20.3162899859	13.4690655602
20.2989274124	13.4609581658
20.2815512608	13.4528523193
20.2641820448	13.4447609651
20.2468199313	13.4366838188
20.2294649923	13.4286203979
20.2121172292	13.42057005
20.1947765916	13.4125319816
20.1774602715	13.4045165715
20.1601368945	13.3965023904
20.1428243235	13.388495116
20.1255131403	13.3804985625
20.108208342	13.3725089577
20.0909097948	13.3645252477
20.0736158312	13.3565469178
20.0563292066	13.3485720331
20.0390484265	13.3406001254
20.0217733621	13.3326303387
20.0045038817	13.3246618888
19.9872398488	13.316694067
19.9699808726	13.3087249801
19.9527273301	13.300756793
19.9354787645	13.2927875496
19.9182349946	13.2848168461
19.9009956411	13.2768452483
19.8837608444	13.2688707263
19.8665284282	13.2608911638
19.849301933	13.2529123293
19.8320790409	13.244930921
19.814859471	13.236946892
19.7976429261	13.2289602384
19.7804290946	13.2209709959
19.7632124877	13.2129795886
19.746002613	13.2049825451
19.7287949513	13.1969859401
19.7115884587	13.1889870721
19.6943837725	13.180985731
19.677189105	13.1729804608
19.6599825957	13.1649761954
19.6427761333	13.1569704113
19.6255693848	13.1489633634
19.6083620272	13.1409553236
19.591158396	13.1329580414
19.573946453	13.1249517813
19.5567357613	13.1169443115
19.5395233531	13.108937237
19.5223090016	13.1009308971
19.5050925077	13.0929256354
19.4878737024	13.0849217973
19.4706524496	13.0769197266
19.4534288459	13.0689189005
19.436202425	13.0609214163
19.4189725448	13.0529279194
19.4017407974	13.0449363693
19.3844918053	13.0369389376
19.3672558932	13.0289548744
19.3500176707	13.0209746449
19.3327773462	13.0129984588
19.3155351774	13.0050264958
19.2982916209	12.9970594283
19.2810676321	12.9890960361
19.2638076481	12.9811375021
19.2465481602	12.9731835928
19.2292896283	12.9652343145
19.212032546	12.957289643
19.1948198571	12.9493492051
19.1775771522	12.9414121947
19.1603371182	12.933480419
19.1430999812	12.9255527753
19.1258682181	12.9176356088
19.1086388323	12.9097166222
19.0914140464	12.9018013499
19.0741943761	12.8938896186
19.0569803036	12.8859812614
19.0397723577	12.8780763662
19.0225707539	12.870174262
19.0053763559	12.8622751493
18.9881889077	12.8543789275
18.9710089775	12.8464855575
18.9538368644	12.8385950344
18.9366728619	12.8307074004
18.9195184504	12.8228191157
18.9023714456	12.8149381186
18.8852337564	12.8070601709
18.8681054511	12.7991860605
18.850987256	12.7913158775
18.8338797995	12.783450064
18.8167838302	12.7755891499
18.7997002313	12.7677337625
18.7826300332	12.7598846363
18.7655744236	12.7520426249
18.7485347551	12.7442087143
18.731512553	12.7363840376
18.7145103781	12.7285688016
18.6975283303	12.720766765
18.6805694342	12.7129784036
18.6636368667	12.7052080727
18.6467315115	12.697453397
18.6298568476	12.6897188209
18.6130165527	12.6820063388
18.5962122765	12.6743201739
18.5794482462	12.6666627529
18.5627281849	12.6590387335
18.5460555995	12.6514490398
18.5294345324	12.6438990303
18.512864074	12.6363947243
18.4963585369	12.6289360939
18.4799162366	12.6215296594
18.4635409006	12.6141797175
18.4472360181	12.6068905327
18.4310047676	12.5996662709
18.4148514523	12.5925089263
18.3987755155	12.5854283939
18.3827800576	12.5784217673
18.3668667975	12.5714944255
18.3510329021	12.5646436494
18.3352867874	12.5578830121
18.3196242839	12.5512082845
18.3040449876	12.5446207108
18.2885496914	12.5381195998
18.2731338845	12.5317081217
18.2577979	12.5253843581
18.2425401374	12.5191469596
18.2273583565	12.5129956897
18.2122505564	12.5069281852
18.1972144337	12.5009422489
18.1822475668	12.4950353058
18.1673474473	12.4892044479
18.1525109847	12.4834447142
18.1377366187	12.4777570497
18.1230215641	12.4721351494
18.1083628371	12.4665752754
18.0937578856	12.4610735784
18.0792042013	12.4556261686
18.0646993337	12.4502291574
18.0502401944	12.4448762405
18.035825819	12.4395682794
18.0214533835	12.4342995064
18.0071207598	12.4290663773
17.9928259129	12.4238654963
17.9785669022	12.4186936314
17.9643418812	12.4135477245
17.9501490968	12.4084248981
17.9359868867	12.4033224566
17.9218537795	12.3982370272
17.9077480657	12.3931680918
17.8936684533	12.3881125046
17.8796141811	12.3830703223
17.865553664	12.3780355684
17.8515456439	12.3730083477
17.8375587734	12.3679872987
17.8235918321	12.3629713693
17.809644126	12.3579582838
17.7957138778	12.35294759
17.7818016159	12.3479370454
17.7679056198	12.3429266461
17.754024813	12.3379152431
17.740159005	12.3329012999
17.7263071217	12.3278842199
17.7124676384	12.3228587285
17.6986417625	12.3178341178
17.6848277708	12.3128038008
17.6710250564	12.3077670704
17.6572330417	12.3027232616
17.6434509061	12.2976725386
17.6296775461	12.2926158243
17.6159146287	12.2875466376
17.6021603404	12.2824681427
17.5884142325	12.2773798337
17.5746758776	12.2722812312
17.5609448678	12.26717188
17.5472209577	12.2620496587
17.5335034706	12.2569177271
17.5197922147	12.2517737814
17.5060870408	12.246618338
17.4923871912	12.241449005
17.4786926082	12.2362666202
17.4650029897	12.2310708271
17.4513180466	12.2258612827
17.4376375016	12.2206376555
17.4239603138	12.2154007876
17.4102878981	12.2101478641
17.3966190971	12.20487995
17.3829546627	12.1995935437
17.3692923024	12.1942950859
17.3556328945	12.1889807469
17.3419762316	12.183650261
17.3283221148	12.1783033727
17.3146703528	12.1729398363
17.3010207626	12.1675594169
17.287373169	12.1621618908
17.2737296229	12.1567456607
17.2600852663	12.1513134599
17.2464424536	12.1458635363
17.2328010365	12.1403957176
17.2191608744	12.134909845
17.2055193303	12.1293975792
17.1918818801	12.1238771223
17.1782452522	12.1183380502
17.164609336	12.1127802692
17.1509740277	12.1072037
17.1373392295	12.1016082778
17.1237048497	12.0959939525
17.1100708025	12.0903606879
17.0964370077	12.0847084618
17.0828033903	12.0790372661
17.0691698806	12.0733471058
17.0555364139	12.0676379991
17.0419029301	12.0619099766
17.0282693735	12.0561630814
17.0146349226	12.0504016997
17.001001134	12.0446165738
16.9873671281	12.0388128714
