16.77480662	12.7488500732
16.7805544456	12.7529620223
16.786283037	12.7570794683
16.7919891531	12.7611893377
16.7976727872	12.7652917981
16.8033339342	12.769387023
16.8089725911	12.7734751929
16.814588757	12.7775564942
16.8201824332	12.7816311192
16.8257536236	12.7856992663
16.8313023346	12.7897611393
16.8368281684	12.7938154489
16.8423319117	12.7978652573
16.8478132094	12.801909421
16.8532715446	12.8059466231
16.8587079669	12.8099800426
16.8641220076	12.8140084885
16.8695136965	12.8180321941
16.8748830678	12.8220513961
16.8802301599	12.8260663338
16.8855550158	12.830077249
16.8908576834	12.8340843851
16.8961382156	12.8380879874
16.9013966704	12.8420883019
16.9066331111	12.8460855753
16.911847607	12.8500800547
16.9170402327	12.8540719866
16.9222036713	12.8580680966
16.9273518127	12.8620565935
16.932478223	12.8660433956
16.9375829884	12.8700287578
16.9426662004	12.8740129333
16.9477279559	12.877996174
16.9527700485	12.8819831399
16.9577892827	12.8859654051
16.9627873874	12.889947481
16.9677644814	12.8939296093
16.972720689	12.8979120281
16.9776574895	12.9019003319
16.982572363	12.9058842027
16.9874720394	12.9098735048
16.9923300051	12.9138703674
16.997183439	12.9178587053
17.0020168565	12.9218486904
17.0068304242	12.9258405263
17.0116287518	12.9298325563
17.016403231	12.9338299825
17.0211646234	12.937833213
17.0259010475	12.9418346649
17.0306184841	12.9458396926
17.0353283915	12.9498606945
17.0399963571	12.9538560559
17.0446450834	12.9578536126
17.0493083836	12.9618860896
17.0539344062	12.9659068025
17.058542733	12.9699312635
17.0631335806	12.9739596144
17.067707146	12.9779927467
17.0722636929	12.982029346
17.0768034236	12.9860702455
17.0813270989	12.990113693
17.0858338927	12.9941635044
17.0903245455	12.9982180044
17.0947992832	13.0022773235
17.0992720345	13.0063321144
17.1037128718	13.0104033481
17.1081380315	13.0144801203
17.1125477005	13.018562601
17.1169420623	13.0226509671
17.1213212971	13.0267454036
17.1256855815	13.0308461048
17.1300511368	13.0349419608
17.1343926684	13.0390511006
17.1387204831	13.0431666182
17.1430347895	13.0472887208
17.1473357931	13.0514176294
17.1516246882	13.0555825608
17.155950457	13.0597239731
17.1602146906	13.0638767456
17.1644668535	13.0680371673
17.1687064111	13.072206203
17.1729339101	13.0763838823
17.177149544	13.0805705688
17.1813535065	13.0847666506
17.1855448874	13.0889639101
17.189725906	13.0931785749
17.1938958108	13.0974037198
17.1980547534	13.1016399604
17.2022030207	13.1058874771
17.206340684	13.1101472233
17.2104681306	13.1144191456
17.2145854935	13.1187040758
17.2186929997	13.1230025864
17.2227908866	13.1273152702
17.226879358	13.1316428926
17.2309587645	13.1359857882
17.235029739	13.1403444349
17.2390907613	13.1447206149
17.2431446339	13.1491131132
17.2471906092	13.1535240849
17.2512288725	13.1579540698
17.2552593053	13.1624057988
17.2592835897	13.1668759892
17.263301543	13.1713667889
17.2673137961	13.1758789681
17.2713205198	13.1804137109
17.2753224014	13.184971478
17.2793200066	13.189552953
17.2833139382	13.1941588058
17.2873080465	13.1988064248
17.2912970449	13.2034651035
17.2952844691	13.2081502585
17.2992709263	13.2128630547
17.3032575527	13.2176029668
17.3072450577	13.2223710624
17.3112343523	13.2271678478
17.3152263957	13.2319937942
17.3192221962	13.2368493368
17.3232299621	13.2417248381
17.3272384875	13.2466378756
17.33125581	13.2515817165
17.3352805917	13.2565552261
17.3393123071	13.2615645866
17.3433576075	13.2666003778
17.3474152436	13.2716679953
17.3514867534	13.276767052
17.3555735499	13.2818977537
17.3596770698	13.2870603276
17.3637984215	13.2922617154
17.3679395462	13.297492254
17.3721039311	13.302749781
17.3762867174	13.3080560262
17.3804952079	13.3133923816
17.38472934	13.3187611487
17.3889901512	13.3241671638
17.3932789161	13.329611972
17.397597962	13.3350864321
17.4019461667	13.3406132303
17.4063255955	13.3461854601
17.4107391907	13.3518049352
17.4151846929	13.3574752681
17.419663998	13.3632233449
17.4241763092	13.369015858
17.4287229715	13.3748754858
17.4332529302	13.3808109881
17.4378727088	13.3868238732
17.4425271305	13.3929244654
17.4472162449	13.3991208781
17.4519406888	13.4054208787
17.4566995981	13.4118351734
17.4614937188	13.4183725335
17.4663235401	13.4250425214
17.4711898635	13.4318552943
17.4760938381	13.438820527
17.4810364527	13.4459479968
17.4860208651	13.4532467235
17.4910493423	13.4607256002
17.4961339812	13.4683854603
17.5012664857	13.4762392691
17.5064517422	13.4843039049
17.5117012277	13.4925699925
17.5170197749	13.5010462685
17.522413988	13.5097333807
17.5278905172	13.5186399312
17.533459239	13.5277647176
17.5391224308	13.5371131936
17.5448843125	13.5466882035
17.5507473515	13.5564979884
17.5567109326	13.566544375
17.5627743713	13.5768341339
17.5689347569	13.5873688067
17.5751862318	13.5981446076
17.5815309942	13.6091485031
17.587968624	13.6203565397
17.594498998	13.6317291246
17.6011262398	13.6432003218
17.6078508864	13.6546968936
17.6146752676	13.666138106
17.6216085564	13.6774441659
17.6286856106	13.6885583031
17.6359679282	13.6994399454
17.6436037983	13.7101506533
17.651756234	13.7207139145
17.6606717991	13.7312006502
17.6706890662	13.7416955968
17.6822500725	13.7522382779
17.6959343303	13.7628733985
17.7122325367	13.7735352256
17.7313767358	13.7841230348
17.7531455924	13.7945449626
17.776854073	13.8047974631
17.8016927001	13.8149764806
17.827126496	13.8252042348
17.8529690945	13.835561174
17.879221984	13.8460612371
17.9059392537	13.8567586893
17.9331240005	13.8676341651
17.9607437426	13.87869151
17.9887523583	13.8899282894
18.017103001	13.9013412721
18.0457575171	13.9129274329
18.0746582562	13.9246498327
18.103771173	13.9364905764
18.1331603445	13.9484243293
18.1626133198	13.9604169527
18.1921917793	13.9724414154
18.2219167615	13.9844994565
18.2516438901	13.9964936439
18.2814895366	14.0084820653
18.3113980297	14.0204236335
18.3413816158	14.0323217774
18.3714293718	14.0441659241
18.4015314282	14.0559566217
18.4317025047	14.0677048491
18.4618434747	14.0794095317
18.4921429761	14.0910884084
18.5225231839	14.102780754
18.5529241559	14.1144248539
18.5833671125	14.1260589457
18.6138445974	14.137694601
18.6443499119	14.1493356384
18.6748783121	14.1609852166
18.7054170995	14.1726486696
18.7359622174	14.1843257678
18.7665082677	14.1960200902
18.7970518913	14.2077266274
18.8275831536	14.2194487672
18.858100696	14.2311842531
18.8885953895	14.242920743
18.9190880713	14.2546851974
18.9495679173	14.2664590459
18.9800283291	14.2782418226
19.010472438	14.2900319892
19.0408789339	14.3018301359
19.0712816251	14.313586513
19.1016745382	14.3253763962
19.1320379599	14.3371419505
19.1624094901	14.3489260205
19.1927823969	14.3607084533
19.2231578648	14.3724911147
19.2535407197	14.3842724535
19.2839448053	14.3960503717
19.3143523752	14.4078184206
19.3447805395	14.4195944701
19.375235702	14.431374441
19.4057000369	14.4431486629
19.436212157	14.4549231334
19.4667511688	14.4666923372
19.4973081234	14.4784625393
19.527910789	14.4902414389
19.5585379159	14.5020264401
19.5891889779	14.5138229929
19.6198551048	14.5256222413
19.6505283032	14.5374425431
19.6812025507	14.5492684411
19.7118668739	14.5611116353
19.7425160122	14.5729784301
19.773140728	14.584867672
19.8037430909	14.5967813501
19.834292811	14.6087123149
19.8648041651	14.6206787082
19.8952553267	14.6326729557
19.9256719944	14.6446897221
19.9560449058	14.6567408566
19.9863742075	14.6688153222
20.0166603285	14.6809122161
20.0469037269	14.6930274508
20.0771676462	14.7051930644
20.1073197342	14.7173211403
20.137429769	14.7294436949
20.1675026837	14.7415505316
20.1975350337	14.753626794
20.2275305566	14.7656537177
20.2574861454	14.7776018805
20.2873898856	14.7894509613
20.3172243234	14.8011556158
20.3469188919	14.8126829646
20.3764376464	14.8239816
20.4056674621	14.834999632
20.4345277426	14.8456777688
20.4629123608	14.8559383001
20.4907945708	14.8657816781
20.5180100513	14.87515472
20.5445584222	14.8840598268
20.5703750298	14.8924330282
20.5954567646	14.9002929656
20.6197887013	14.9076159834
20.6433650284	14.9143594747
20.6661777687	14.9204885826
20.6882156225	14.9259872516
20.7095051029	14.9308293863
20.7300370944	14.9350298006
20.7498218367	14.9385922249
20.7688760515	14.9415312563
20.7872795279	14.943870474
20.8050762721	14.9456626278
20.8223391474	14.9469716461
20.8391404411	14.9478639716
20.8555441716	14.9484036379
20.8716044946	14.9486467833
20.8873538899	14.9486333279
20.9028283815	14.9483835087
20.9180397959	14.9479191244
20.9330003204	14.947251901
20.9477215344	14.9463962388
20.9622142267	14.9453664959
20.9764697218	14.9441836057
20.9905375582	14.9428507679
21.0044119791	14.9413999212
21.0181058938	14.9398467735
21.0316294207	14.9382104575
21.0449923301	14.9365053272
21.0582070587	14.9347459915
21.0712784107	14.9329505103
21.0842056871	14.9311017219
21.0970164368	14.9292546638
21.1097068578	14.9274064316
21.1222841591	14.9255600503
21.1347549415	14.9237202463
21.1471248713	14.9218924616
21.1593978789	14.9200830882
21.1715879945	14.9183161252
21.1836925545	14.9165588738
21.1957159431	14.9148063025
21.2076471294	14.9130906203
21.2195039035	14.9114022616
21.2312894877	14.9097430202
21.2430077733	14.9081121706
21.2546617065	14.9065147483
21.2662536109	14.9049473929
21.2777882517	14.9034086146
21.2892660421	14.9019059044
21.3006907571	14.9004380406
21.3120652507	14.8990111083
21.3233912949	14.8976152248
21.3346723115	14.8962566921
21.3459096508	14.8949406269
21.3571053917	14.8936667112
21.3682625694	14.892438595
21.3793875456	14.8912467988
21.3904714532	14.8901068963
21.401522474	14.8890136927
21.4125430154	14.8879705701
21.4235341924	14.8869730423
21.4344978031	14.8860254711
21.4454358558	14.8851276311
21.4563496716	14.8842780348
21.467241486	14.8834829793
21.4781124993	14.8827394224
21.4889642472	14.8820477766
21.4997982227	14.8814083604
21.5106158774	14.8808214106
21.5214186229	14.8802870956
21.5322114126	14.8797976703
21.5429986728	14.8793706187
21.5537634804	14.8789953745
21.5645187422	14.8786728972
21.5752656784	14.8784031745
21.5860054742	14.8781861792
21.5967392805	14.8780218755
21.607468214	14.8779102231
21.6181933569	14.877851182
21.6289157576	14.8778447151
21.63963643	14.8778907908
21.6503563538	14.8779893846
21.6610737888	14.8781430558
21.6717954663	14.8783462073
21.6825190537	14.8786019228
21.693245401	14.8789102004
21.7039753208	14.8792710473
21.7147112354	14.8796957586
21.7254502244	14.8801592482
21.7361951422	14.8806763127
21.7469476922	14.8812442912
21.7577060779	14.8818673556
21.7684721609	14.8825433035
21.7793206283	14.8832646445
21.790101302	14.884046455
21.8008904939	14.884881563
21.8116894663	14.8857695231
21.8224986145	14.8867103311
21.8333120782	14.8877089127
21.8441435474	14.8887546206
21.8549860371	14.889853225
21.8658398205	14.8910046726
21.8767046472	14.8922106514
21.887581735	14.8934674591
21.8984702613	14.8947785892
21.9093743121	14.896150411
21.9202873794	14.8975641891
21.9312126875	14.89903031
21.9421502898	14.9005486422
21.9531002129	14.9021190415
21.9640615471	14.9037354933
21.9750362479	14.9054105692
21.9860231799	14.9071370331
21.9970222818	14.9089147177
22.0080334719	14.9107434394
22.0190566501	14.912622999
22.0300916991	14.914553182
