22.1347226125	14.77212962
22.1348714639	14.7658962868
22.1350165116	14.759658117
22.1351566614	14.753415453
22.1352917635	14.7471682485
22.1354216628	14.7409164583
22.1355461981	14.7346600384
22.1356652027	14.7283989466
22.1357779554	14.7221333584
22.1358853125	14.7158628255
22.1359865939	14.7095875056
22.136081606	14.7033073635
22.1361701485	14.6970223659
22.1362520137	14.6907324817
22.1363269864	14.6844376819
22.1363948439	14.6781379399
22.1364553558	14.6718332316
22.136507986	14.6655236162
22.1365530482	14.6592089227
22.1365900206	14.6528892074
22.136618639	14.6465644572
22.1366386306	14.6402346622
22.1366497134	14.6338998155
22.1366515966	14.6275599135
22.1366439797	14.6212149559
22.1366265532	14.614864946
22.1365989978	14.6085098906
22.1365609843	14.6021498001
22.136512174	14.5957846889
22.1364404726	14.5893985034
22.1363686826	14.5830230513
22.1362850488	14.5766427
22.1361891995	14.5702574911
22.1360745633	14.563870411
22.1359521803	14.5574760876
22.1358162742	14.5510771306
22.1356664185	14.5446736135
22.1355021753	14.5382656168
22.1353230958	14.531853229
22.1351287199	14.525436546
22.1349185761	14.5190156722
22.1346921818	14.5125907202
22.1344490429	14.5061618114
22.1341886538	14.4997290761
22.1339104976	14.4932926542
22.1336140459	14.4868526948
22.1332987588	14.4804093574
22.1329640849	14.4739628113
22.1326094612	14.4675132365
22.1322343132	14.4610608239
22.1318380547	14.4546057752
22.131420088	14.4481483038
22.1309821229	14.4416921425
22.1305192843	14.435231069
22.1300329338	14.4287683643
22.1295224353	14.4223043002
22.1289885737	14.415837426
22.128427954	14.40937136
22.1278412242	14.4029048205
22.1272290383	14.3964400256
22.1265882739	14.389973844
22.1259268563	14.3834970372
22.1252297708	14.3770313823
22.1245031836	14.3705670045
22.1237463764	14.3641043046
22.1229551881	14.3576454191
22.1221497316	14.3511828536
22.1212979246	14.3447257684
22.1204048475	14.3382627616
22.1194861809	14.3318133281
22.1185328082	14.3253681453
22.1175439448	14.318927706
22.1165187968	14.3124925156
22.1154565606	14.3060630913
22.1143564227	14.2996399617
22.1132175603	14.2932236655
22.1120391403	14.2868147508
22.110821115	14.2804129729
22.1095611137	14.274020424
22.1082590013	14.2676369399
22.1069139043	14.2612630939
22.105524939	14.2548994621
22.1040894734	14.2485472968
22.1026096577	14.2422059836
22.1010831635	14.2358766475
22.0995090442	14.2295598653
22.0978863391	14.2232562086
22.0962140722	14.2169662417
22.0944912522	14.2106905196
22.0927172754	14.2044291734
22.0908903469	14.1981835215
22.0890097961	14.1919537
22.0870745651	14.1857402052
22.0850835784	14.1795435129
22.0830357426	14.1733640769
22.0809299467	14.1672023257
22.0787649363	14.1610588797
22.0765397909	14.1549337229
22.0742525885	14.1488265231
22.0719033796	14.142739191
22.0694903855	14.1366712363
22.0670190829	14.1306199939
22.0644764212	14.1245907974
22.0618666315	14.1185814212
22.0591885347	14.1125919471
22.0564409588	14.1066224064
22.0536263337	14.1006683356
22.0507367703	14.0947379867
22.0477743543	14.0888272775
22.0447380076	14.0829360082
22.0416266962	14.0770639162
22.0384394411	14.0712106736
22.0351675052	14.0653703158
22.0318266383	14.0595518315
22.0284052405	14.0537514394
22.0249044251	14.0479676223
22.0213238129	14.042199766
22.0176630212	14.0364470773
22.0139219393	14.0307087343
22.0101003548	14.0249836796
22.0061985201	14.0192709
22.0022168369	14.0135692489
21.9981592598	14.0078762004
21.9940210765	14.0021926045
21.9898060798	13.9965160167
21.9855158516	13.9908448698
21.9811523153	13.9851774846
21.9767177539	13.9795120661
21.9722313149	13.9738390269
21.9676653743	13.968170533
21.9630378244	13.962497735
21.958352182	13.9568178895
21.9536133718	13.9511293312
21.9488261247	13.9454295052
21.9439949293	13.939714992
21.9391275752	13.9339826205
21.9342263519	13.9282302992
21.9292945644	13.9224516581
21.9243465806	13.9166480554
21.9193855863	13.9108137354
21.9144186039	13.904944921
21.9094528749	13.8990376447
21.9044958218	13.8930877404
21.8995550094	13.8870908349
21.8946381056	13.8810423379
21.8897677068	13.8749553466
21.8849090176	13.8687716981
21.8801117532	13.8625378687
21.8753695036	13.8562328057
21.8706904745	13.8498499745
21.8660882654	13.8433801415
21.8615599923	13.8368227304
21.8571178987	13.8301689173
21.8527689633	13.8234109677
21.8485227121	13.8165452913
21.8443661474	13.8095441444
21.8403253143	13.8024281032
21.836383687	13.7951784307
21.8325266122	13.7877892745
21.8287187001	13.7802596039
21.8249362016	13.7725832484
21.8211348137	13.7647570741
21.8172765557	13.7567817603
21.8133633903	13.7486447189
21.8094445759	13.7403193508
21.805627116	13.7317588152
21.8020544372	13.7228952758
21.7988848695	13.7136389641
21.7962608972	13.7038850427
21.794290867	13.6935246521
21.7930281492	13.6824667645
21.7924442008	13.6706674015
21.7924008774	13.6581490238
21.7926967556	13.6450351837
21.7931322891	13.6314565532
21.7936371192	13.6175083199
21.7942026825	13.6032669786
21.7949166862	13.588747366
21.7958541837	13.5739463042
21.7970596724	13.5588594582
21.7985466581	13.5434825991
21.800326683	13.5277827214
21.8023895656	13.511750063
21.8047268614	13.4953573324
21.8073251515	13.4785851181
21.8101716136	13.461426958
21.8132416652	13.4438661957
21.8165228026	13.4259434104
21.8199434061	13.4077512253
21.8234933148	13.3893361438
21.8271273822	13.3708455597
21.8307710438	13.3523487635
21.8343978579	13.3339897967
21.8379799614	13.315879785
21.8414968085	13.2981081546
21.8449391371	13.2807512493
21.8483125019	13.2638863776
21.851605405	13.2475281678
21.8548191729	13.2317090918
21.8579781721	13.2165042782
21.8610645932	13.2019283318
21.8640790771	13.1880036614
21.8670120196	13.174765829
21.8698537475	13.1622531935
21.8726297471	13.1504338653
21.8753272272	13.1393351916
21.877956364	13.1289430563
21.8805309357	13.1192292956
21.8830663324	13.1101534486
21.8855775321	13.1016660246
21.8880665605	13.0937173444
21.8905641473	13.0862331647
21.8930727996	13.0791821464
21.8955916366	13.0725063514
21.8981230633	13.0661614086
21.9006676143	13.0601081958
21.9032244133	13.0543124836
21.9057915628	13.0487443476
21.9083723206	13.0433856681
21.9109530096	13.038197967
21.9135328555	13.0331660185
21.9161142411	13.0282786813
21.9186918689	13.0235169526
21.9212638165	13.0188684887
21.9238289378	13.01432322
21.9263854578	13.0098709292
21.9289337181	13.005505396
21.9314738937	13.0012206304
21.9340065053	12.9970116138
21.9365322659	12.9928740086
21.939051935	12.9888039118
21.9415658058	12.984797169
21.9440755938	12.9808517316
21.9465804418	12.9769626105
21.9490808491	12.9731268146
21.9515767051	12.9693408645
21.9540677067	12.9656013042
21.956553388	12.9619047245
21.959032901	12.9582474362
21.9615060761	12.9546269199
21.9639718872	12.9510396716
21.9664298798	12.9474830305
21.9688784054	12.9439532718
21.9713171884	12.9404482407
21.9737453969	12.9369653138
21.976162284	12.9335020983
21.9785669666	12.9300560838
21.9809587588	12.926625225
21.9833370883	12.9232074084
21.9857012741	12.9198007409
21.988050849	12.916403324
21.9903865502	12.913015324
21.9927002533	12.9096235327
21.9950006476	12.9062412845
21.9972870377	12.9028666903
21.9995690946	12.8995113854
22.0018221312	12.8961399464
22.0040585713	12.8927689754
22.0062775891	12.8893967862
22.0084788801	12.8860220171
22.0106624618	12.882643973
22.012826683	12.8792625055
22.0149748443	12.8758752843
22.017105057	12.8724823908
22.0192207554	12.869082263
22.0213144577	12.8656760583
22.0233903116	12.8622621134
22.0254478048	12.8588391023
22.0274880736	12.8554079321
22.0295105968	12.8519672821
22.0315154373	12.8485166284
22.0335026707	12.8450554725
22.0354723848	12.8415833408
22.0374246792	12.8380997835
22.0393596652	12.8346043747
22.0412774654	12.8310967115
22.0431782135	12.8275764134
22.0450620541	12.8240431221
22.0469291423	12.8204965008
22.0487816897	12.8169387423
22.0506154065	12.8133640841
22.0524329531	12.8097752778
22.0542345142	12.8061720563
22.0560202826	12.8025541707
22.0577903821	12.7989214163
22.0595451847	12.7952735171
22.0612915882	12.7916087722
22.0630123025	12.7879315517
22.0647218843	12.784237158
22.06641699	12.7805269226
22.0680978409	12.776800691
22.0697592318	12.7730518871
22.0714203158	12.7693024637
22.0730578167	12.7655251491
22.0746836579	12.7617333152
22.0762845614	12.757908342
22.0778848371	12.7540837686
22.0794723577	12.7502422545
22.0810464261	12.7463824483
22.0826093798	12.7425071688
22.0841602701	12.7386147397
22.0856993017	12.7347050736
22.0872266772	12.7307780901
22.0887425975	12.7268337157
22.0902472615	12.7228718845
22.0917408665	12.7188925385
22.0932236084	12.714895628
22.0946956815	12.7108811124
22.0961572791	12.7068489604
22.0976085933	12.7027991511
22.0990498157	12.6987316741
22.1004811373	12.6946465305
22.1019027485	12.690543733
22.1033148399	12.6864233066
22.1047176017	12.6822852893
22.1061112246	12.6781297321
22.1074958989	12.6739566993
22.1088718157	12.6697662691
22.1102391661	12.6655585337
22.1115981414	12.6613335992
22.1129492016	12.6570915227
22.1142919793	12.6528325691
22.1156269573	12.6485568769
22.1169489711	12.6442673059
22.1182695732	12.6399581237
22.1195884789	12.6356400875
22.1208940362	12.6312977914
22.1221927515	12.6269397389
22.1234848154	12.6225661455
22.1247701626	12.6181767556
22.126050014	12.6137726226
22.1273232185	12.6093538489
22.1285905131	12.6049204953
22.1298547368	12.600476417
22.1311103348	12.5960141551
22.132360608	12.5915381998
22.1336067613	12.5870484361
22.1348467814	12.582545942
22.1360819554	12.5780305806
22.1373124345	12.5735026371
22.1385383662	12.5689623993
22.1397598943	12.5644101567
22.1409902522	12.5598437524
22.1422022314	12.5552685853
22.1434103085	12.5506822656
22.1446146025	12.5460850821
22.145815228	12.5414773208
22.1470122953	12.5368592644
22.1482059097	12.5322311912
22.1493961721	12.5275933752
22.1505853792	12.522945452
22.1517690578	12.5182889962
22.1529496678	12.5136235816
22.1541272894	12.5089494578
22.1553019977	12.5042668673
22.156473863	12.499576045
22.1576429504	12.4948772181
22.1588093203	12.4901706057
22.1599730282	12.4854564188
22.1611341247	12.4807348598
22.1622926559	12.4760061227
22.1634486633	12.4712703929
22.1646021837	12.4665278473
22.1657532499	12.461778654
22.16690189	12.4570229726
22.1680481284	12.452260954
22.1691919853	12.447492741
22.170333477	12.4427184676
22.1714726162	12.4379382598
22.172609412	12.4331522355
22.1737438702	12.4283605045
22.1748759932	12.4235631691
22.1760057802	12.4187603239
22.17713309	12.4139517991
22.1782581998	12.4091382044
22.1793809537	12.4043193396
22.1805013402	12.3994952711
22.181619345	12.3946660589
22.1827349519	12.389831757
22.1838481423	12.384992413
22.1849588956	12.3801480691
22.1860671896	12.3752987619
22.1871730001	12.3704445226
22.1882763013	12.3655853774
22.1893770659	12.3607213479
22.1904752655	12.3558524508
22.1915708698	12.3509786988
22.192663848	12.3461001001
22.1937541677	12.3412166593
22.19484205	12.3363287374
22.1959269244	12.3314355717
22.1970090412	12.3265375603
22.1980883645	12.3216346938
22.1991626398	12.3167237383
22.2002363647	12.3118112652
22.2013071824	12.306893888
22.2023750549	12.3019715872
22.203439944	12.2970443409
22.2045018116	12.2921121253
22.2055606189	12.2871749147
