22.2057148773	14.8076257524
22.2044982583	14.8018878915
22.2032673452	14.7961601772
22.2020321954	14.7904364093
22.2007923821	14.784715568
22.199548117	14.7789981698
22.1982994072	14.7732842343
22.1970462608	14.7675737816
22.1957886874	14.761866832
22.1945266981	14.7561634064
22.1932603053	14.7504635263
22.1919895229	14.7447672135
22.1907095074	14.7390779159
22.1894295083	14.7333891473
22.1881451246	14.7277040473
22.1868564605	14.7220229441
22.1855633658	14.7163452941
22.1842659389	14.7106714002
22.1829641996	14.7050012927
22.181658169	14.6993350035
22.1803478693	14.6936725652
22.179033324	14.6880140119
22.1777145577	14.6823593791
22.1763915965	14.6767087034
22.1750644673	14.671062023
22.1737331986	14.6654193775
22.1723978195	14.6597808081
22.1710583608	14.6541463576
22.1697148539	14.6485160702
22.1683673315	14.6428899923
22.1670158274	14.6372681714
22.1656603761	14.6316506574
22.1643010131	14.6260375017
22.1629395928	14.6204319613
22.1615718525	14.6148286382
22.1602010995	14.609229327
22.1588265973	14.6036346426
22.1574483861	14.5980446502
22.1560665069	14.5924594173
22.1546810011	14.5868790138
22.1532919107	14.5813035122
22.1518992779	14.5757329872
22.1505031453	14.5701675162
22.1491035556	14.5646071792
22.1477005516	14.5590520585
22.146294176	14.5535022392
22.1448844713	14.547957809
22.1434714799	14.5424188579
22.1420555215	14.5368853309
22.1406361005	14.5313576088
22.1392169544	14.5258332851
22.1377913805	14.5203171021
22.1363627273	14.514806884
22.1349310324	14.509302736
22.1334972082	14.5038062536
22.1320596417	14.4983147432
22.1306191494	14.4928296508
22.129175764	14.4873510924
22.127729516	14.4818791862
22.126280434	14.4764140525
22.1248285441	14.4709558136
22.1233738701	14.4655045939
22.1219139847	14.4600621783
22.1204534756	14.4546255944
22.1189901958	14.449196439
22.1175241526	14.4437748455
22.1160553492	14.4383609487
22.1145837847	14.4329548849
22.1131094538	14.4275567913
22.1116327357	14.4221676124
22.1101528865	14.4167859734
22.1086697973	14.4114130315
22.1071842535	14.4060483699
22.1056958419	14.4006923935
22.1042045259	14.395345244
22.1027102623	14.390007063
22.1012130021	14.3846779917
22.0997126893	14.3793581706
22.0982092613	14.3740477395
22.0967026486	14.3687468367
22.0951927744	14.3634555994
22.0936795545	14.3581741629
22.092162897	14.3529026607
22.0906408925	14.3476397975
22.0891169046	14.342388438
22.087589145	14.3371473894
22.0860574888	14.3319167739
22.0845218026	14.3266967101
22.0829819446	14.3214873126
22.081437764	14.3162886922
22.07988965	14.3111006813
22.0783305035	14.3059201084
22.0767718527	14.3007540635
22.0752081413	14.2955991587
22.0736391699	14.2904554769
22.0720647294	14.2853230945
22.0704846016	14.2802020814
22.0688985586	14.2750925007
22.0673050121	14.2699952017
22.0657061793	14.2649087803
22.064100652	14.2598339567
22.0624889963	14.2547703929
22.0608693342	14.2497188295
22.0592421409	14.2446789415
22.057607116	14.2396507381
22.0559639495	14.2346342194
22.0543123213	14.2296293763
22.0526510945	14.2246354525
22.0509814727	14.2196538283
22.0493023668	14.214683788
22.0476134191	14.2097252819
22.0459142625	14.2047782498
22.0442045216	14.1998426206
22.0424838121	14.1949183122
22.0407517413	14.1900052311
22.0390079086	14.1851032725
22.0372519054	14.1802123199
22.0354833159	14.1753322451
22.0337017168	14.170462908
22.0319066783	14.1656041562
22.0300973361	14.1607554509
22.0282741823	14.1559172525
22.0264361496	14.1510891778
22.0245880068	14.1462681614
22.0227194385	14.1414559391
22.0208350282	14.1366560043
22.0189340879	14.1318651574
22.0170130005	14.1270769311
22.0150773132	14.1223028661
22.0131237041	14.1175370462
22.0111517147	14.1127791729
22.0091608883	14.1080289345
22.0071507717	14.1032860062
22.0051209158	14.0985500497
22.0030708773	14.0938207137
22.00100022	14.0890976337
21.9989085161	14.0843804318
21.9967953482	14.079668717
21.9946603105	14.0749620847
21.9925046107	14.0702578082
21.9903247273	14.0655598268
21.9881218384	14.0608656095
21.9858956028	14.0561746959
21.983646077	14.051486413
21.9813739324	14.0467995204
21.97907602	14.0421155053
21.9767536513	14.0374328077
21.9744066195	14.0327508975
21.972034804	14.028069276
21.9696379797	14.0233873046
21.9672160947	14.0187044467
21.9647690991	14.0140201146
21.9622994353	14.0093325733
21.9598026877	14.0046432709
21.9572810367	13.9999506087
21.9547346456	13.9952539325
21.95216387	13.9905526771
21.9495687706	13.9858459715
21.94694974	13.9811331554
21.9443073177	13.9764135709
21.9416410217	13.9716859508
21.9389531176	13.9669504349
21.9362435231	13.9622058987
21.9335128533	13.9574513948
21.930761963	13.9526861565
21.9279917415	13.9479093317
21.9252031627	13.9431200439
21.9223972863	13.9383173912
21.9195752586	13.9335004454
21.9167384777	13.9286683454
21.9138887928	13.9238194357
21.9110266463	13.9189540408
21.9081549737	13.9140696399
21.9052732603	13.9091664252
21.902384328	13.9042428219
21.8994899869	13.8992977204
21.8965924382	13.8943302294
21.8936932718	13.8893388526
21.8907947935	13.8843225811
21.8878986123	13.8792805062
21.8850078326	13.8742111313
21.88212442	13.8691134749
21.8792505049	13.8639865686
21.8763887151	13.8588291966
21.8735411751	13.853640479
21.8707099562	13.8484194904
21.8678970245	13.843165641
21.865103908	13.8378783352
21.8623316358	13.832557061
21.859580889	13.827202017
21.856851217	13.8218129368
21.8541440893	13.8163969036
21.851452925	13.8109411609
21.8487767953	13.8054538738
21.8461120886	13.7999359117
21.8434538887	13.7943884505
21.8407963329	13.7888126642
21.8381323896	13.7832094443
21.8354547307	13.7775798783
21.8327559455	13.7719238539
21.8300268627	13.7662416458
21.8272608408	13.7605315448
21.8244530377	13.7547902458
21.8216027864	13.7490115933
21.8187135908	13.7431865472
21.8157911377	13.7373034493
21.8128399631	13.7313495266
21.8098630876	13.72531166
21.8068774713	13.719170883
21.8039446053	13.7128891937
21.8011879754	13.7063990871
21.7987665391	13.6996120566
21.7968324591	13.6924318571
21.7954415098	13.6848063115
21.7945053381	13.6767664068
21.7938699404	13.6683944283
21.7933948543	13.6597868005
21.7930111474	13.651012329
21.7926951285	13.6421160592
21.7924314584	13.6331342807
21.7922021938	13.6241015966
21.7919879291	13.6150487472
21.7917801105	13.6060031886
21.79156195	13.596966184
21.79133687	13.5879452424
21.791106681	13.5789388079
21.7908762096	13.5699404397
21.790651672	13.5609428467
21.7904393495	13.551938565
21.7902454238	13.5429204906
21.7900751476	13.5338825411
21.789933025	13.5248190421
21.7898244161	13.5157283749
21.7897463892	13.5066000895
21.7897014093	13.4974324111
21.7896890739	13.4882204508
21.7897072743	13.4789601241
21.7897552529	13.4696495034
21.7898268194	13.4602831738
21.7899211519	13.4508625671
21.7900335512	13.4413845179
21.7901615535	13.4318523088
21.7903025015	13.4222693624
21.7904539943	13.4126390685
21.7906128518	13.4029690632
21.7907779511	13.393265798
21.7909471498	13.3835383586
21.7911200052	13.3737956148
21.7912969997	13.3640446607
21.7914770219	13.3542968172
21.7916612678	13.3445616941
21.7918482438	13.3348478516
21.7920387859	13.3251625011
21.7922343447	13.3155139441
21.7924357411	13.3059093636
21.7926442752	13.2963550728
21.7928612342	13.2868569073
21.7930879595	13.2774202237
21.7933222091	13.2680535773
21.793573182	13.2587537354
21.7938377798	13.2495295024
21.7941172092	13.2403850602
21.7944125684	13.2313244081
21.794724832	13.2223513603
21.7950549045	13.2134698544
21.795403343	13.2046824387
21.7957708231	13.1959926819
21.7961577997	13.1874032512
21.7965605406	13.1789204387
21.7969885647	13.170537058
21.7974367304	13.1622594711
21.7979051351	13.1540884217
21.7983939512	13.1460243292
21.7989032707	13.1380669397
21.7994331662	13.1302155241
21.7999836971	13.1224689126
21.8005549122	13.1148255384
21.80114685	13.1072834878
21.801759536	13.0998405528
21.8023929786	13.0924942849
21.8030471641	13.0852420462
21.803722051	13.0780810583
21.8044175639	13.071008446
21.8051335887	13.0640212758
21.8058699681	13.0571165888
21.8066264985	13.0502914281
21.8074029284	13.0435428608
21.8081989575	13.036867995
21.8090142374	13.0302639926
21.8098483737	13.023728078
21.8107004606	13.0172572905
21.8115710629	13.0108494536
21.8124590569	13.0045019549
21.8133635138	12.9982123281
21.8142847555	12.9919777387
21.8152218232	12.9857957088
21.8161737907	12.9796648293
21.8171402125	12.9735823528
21.8181204355	12.9675461469
21.8191139168	12.9615539683
21.8201197037	12.9556041911
21.821137292	12.9496946053
21.8221659939	12.943823304
21.82320452	12.9379867648
21.8242536147	12.9321869535
21.8253117195	12.9264199525
21.8263781645	12.920684009
21.8274515419	12.9149768387
21.828532534	12.9092982171
21.8296196006	12.9036458756
21.8307123096	12.8980180868
21.8318090589	12.8924123652
21.8329104198	12.8868279383
21.8340153731	12.881264897
21.8351229624	12.8757210466
21.8362318279	12.8701936407
21.8373436957	12.8646848025
21.838456051	12.8591906467
21.8395662049	12.8537070994
21.8406767424	12.8482375647
21.8417819784	12.8427785955
21.842889035	12.8373302998
21.84399452	12.8318899327
21.8450949832	12.8264582838
21.8461911144	12.8210327438
21.8472825817	12.8156133135
21.848368563	12.8101984442
21.8494488157	12.8047868835
21.8505218607	12.7993782652
21.8515883728	12.7939724125
21.8526440988	12.7885639055
21.8536933871	12.7831579917
21.8547334329	12.7777511763
21.855763716	12.772342698
21.8567836708	12.7669317884
21.8577927449	12.7615177083
21.8587903993	12.7560997479
21.8597761086	12.7506772265
21.8607493613	12.7452494923
21.8617096602	12.7398159218
21.8626565224	12.7343759202
21.8635855735	12.7289192394
21.8645067928	12.7234661389
21.8654135462	12.7180069995
21.8662991889	12.7125333762
21.867172229	12.7070537744
21.8680292478	12.7015647224
21.8688698704	12.696065818
21.8696937378	12.690556685
21.8705005077	12.6850369732
21.8712898539	12.6795063574
21.8720614671	12.6739645375
21.8728150545	12.6684112377
21.8735545546	12.6628465116
21.874259645	12.6572769234
21.8749581374	12.6516871221
21.8756375894	12.6460850048
21.8762977917	12.6404704126
21.876938552	12.6348432087
21.8775596954	12.6292032774
21.8781610643	12.6235505239
21.878742518	12.6178848736
21.8793039331	12.6122062716
21.879845203	12.6065146826
21.880366992	12.6008095704
21.8808676436	12.5950920269
21.8813479378	12.5893614954
21.8818074515	12.5836182813
21.8822469612	12.5778618747
21.8826660354	12.5720926411
21.8830646812	12.5663106645
21.8834429209	12.5605160438
21.8838007914	12.5547088919
21.8841383448	12.5488893352
21.8844556471	12.5430575126
21.8847527783	12.5372135758
21.885029832	12.5313576875
21.8852869148	12.5254900217
21.8855209479	12.5196123871
21.8857387343	12.5137215899
21.8859369229	12.5078196068
21.8861156699	12.5019066482
21.8862751423	12.4959829326
21.8864155174	12.4900486855
21.8865369823	12.4841041391
21.8866440006	12.4781535929
21.8867278827	12.4721888197
21.886793493	12.4662145001
21.8868410521	12.4602308859
21.8868692472	12.4542390301
21.8868815325	12.4482375256
21.8868764584	12.442227507
21.8868542723	12.4362092369
21.8868152265	12.4301829793
21.8867646535	12.424145591
21.8866921945	12.4181044641
21.8866037	12.4120561192
21.8864994348	12.4060008237
21.8863817801	12.3999382186
21.8862465685	12.3938698484
