7.04886634227	7.35343794832
7.04779522349	7.35620029319
7.04672081488	7.3589561101
7.04564203092	7.36170589565
7.0445607415	7.3644485351
7.04347562529	7.36718461639
7.0423866353	7.36991413725
7.04129442096	7.37263663227
7.04019840373	7.37535231607
7.03909849389	7.37806114624
7.03799460034	7.38076308198
7.03688663068	7.38345808415
7.0357744912	7.38614611535
7.03465808694	7.3888271399
7.03353732168	7.39150112395
7.03241209801	7.39416803547
7.03128231733	7.39682784433
7.03014787989	7.39948052227
7.02900868483	7.40212604301
7.0278646302	7.4047643822
7.02671561298	7.40739551749
7.02556152911	7.41001942855
7.02440227356	7.41263609707
7.02323774028	7.4152455068
7.02206782232	7.41784764351
7.02089241177	7.42044249508
7.01971144025	7.42303001846
7.01852472257	7.42561026739
7.01733457418	7.42818164636
7.01613632909	7.43074713275
7.01493205955	7.43330529247
7.01372165433	7.43585612497
7.01250500161	7.43839963168
7.01128207019	7.44093591237
7.01005337066	7.4434655678
7.0088173371	7.44598716421
7.00757460453	7.44850146186
7.00632591708	7.45100920895
7.00506947511	7.45350897249
7.00380599066	7.45600147786
7.00253534823	7.45848674216
7.00125743199	7.46096478438
6.99997212593	7.46343562541
6.99867931379	7.46589928797
6.99737722025	7.46835451283
6.99606881149	7.47080371736
6.99475251612	7.47324580009
6.99342821388	7.47568078851
6.9920957842	7.47810871167
6.99075662225	7.48053084138
6.98940885497	7.4829439821
6.9880585977	7.48535635174
6.98669437586	7.48775761941
6.98532163292	7.49015212949
6.98394166135	7.49254136218
6.98255162614	7.49492257012
6.98115275957	7.49729717415
6.97974495941	7.49966522874
6.97832812448	7.50202679034
6.97690164659	7.50438220356
6.97546657061	7.50673089865
6.97402199052	7.50907330278
6.9725680233	7.51140949766
6.97110461912	7.51373946345
6.96963153507	7.51606335611
6.96814875093	7.51838120552
6.96665617823	7.52069308446
6.96515344218	7.52299919544
6.96364101859	7.52529936782
6.96211190615	7.52759599936
6.9605787206	7.52988497295
6.95903533885	7.53216835558
6.9574815839	7.53444630035
6.95591742678	7.53671886656
6.95434279448	7.53898614703
6.95274986018	7.54125574266
6.95115379925	7.54351300592
6.94954706157	7.54576527833
6.94792958668	7.548012663
6.94630131743	7.55025526593
6.94466220017	7.55249319602
6.94301218485	7.55472656516
6.94135122517	7.55695548832
6.93967941678	7.5591800091
6.93799646566	7.56140038685
6.936302458	7.56361668126
6.93459736434	7.56582902023
6.93288115977	7.56803753515
6.9311538241	7.570242361
6.92941534205	7.57244363648
6.92766268049	7.57463929323
6.92590270347	7.57683433522
6.9241306397	7.57902572943
6.92234743543	7.58121417341
6.9205531072	7.58339982887
6.91874894893	7.58558379362
6.91693252699	7.58776443203
6.91510507673	7.58994280053
6.91326664365	7.59211908207
6.9114172812	7.59429346543
6.90955705113	7.59646614556
6.9076826041	7.59863842045
6.90580047269	7.60080843201
6.90390767177	7.60297737884
6.90200497148	7.60514617781
6.90009315071	7.60731480332
6.89816913534	7.60948204789
6.8962373951	7.61165090079
6.89429235205	7.61381767626
6.89233722114	7.61598475744
6.89037214518	7.61815240969
6.88839727804	7.62032090792
6.88641672472	7.6224929715
6.88442749179	7.62466728339
6.88242643237	7.62684155189
6.88041658648	7.62901806433
6.87839818896	7.63119716608
6.87637148813	7.63337921538
6.87433655899	7.63556441279
6.87229399679	7.6377534358
6.87024394394	7.63994654948
6.86818664189	7.64214420169
6.86612251333	7.64434674906
6.86405041661	7.64655371931
6.86197337822	7.64876735879
6.85989047365	7.65098728778
6.85780264241	7.65321460611
6.85570973042	7.65544914503
6.85361205995	7.65769146556
6.85150981083	7.65994191578
6.84940377375	7.66220136978
6.84729419449	7.66447024721
6.84518149874	7.66674912919
6.84306443104	7.66903960558
6.8409464056	7.67134055858
6.83882664295	7.67365325868
6.83670535159	7.67597835721
6.8345831061	7.67831674413
6.8324668927	7.68065997628
6.83034344419	7.68302672454
6.82822615021	7.68541350089
6.82610460585	7.68781210801
6.82398249467	7.69022608181
6.82186136863	7.69265724218
6.81974322023	7.69510709339
6.81762625613	7.69757502002
6.81551121099	7.70006206301
6.81339855353	7.7025691655
6.81128762981	7.70509627951
6.80917874362	7.70764427663
6.80707176858	7.71021367721
6.8049664353	7.71280499325
6.8028624994	7.71541860257
6.8007595034	7.71805491534
6.79865692514	7.72071427221
6.79655415184	7.72339697337
6.79445049454	7.72610328828
6.79234520978	7.7288334709
6.79023752936	7.73158778129
6.78812744734	7.73436605068
6.78601300525	7.73716941699
6.78389450173	7.73999778985
6.78177099034	7.7428521749
6.77964222258	7.74573300393
6.77750798026	7.74864112811
6.77536948759	7.75157854878
6.77322706968	7.75454668502
6.77108188579	7.7575477275
6.76893494378	7.76058374607
6.76678312503	7.76365269087
6.76463802079	7.76676836884
6.76249653981	7.76992789357
6.76035991919	7.77313518385
6.75823060714	7.77639351814
6.75611026347	7.77970774773
6.75400175798	7.78308278023
6.7519094596	7.78652542897
6.74983969668	7.7900445478
6.74780120555	7.79365152514
6.74580494654	7.79736027954
6.74386322942	7.80118669364
6.74198821774	7.80514750713
6.74018994719	7.80925868127
6.73847510616	7.81353459495
6.73684575326	7.81798646824
6.73529939202	7.82262251655
6.73383147228	7.82744958389
6.73243679866	7.83247427671
6.73111202127	7.83770471872
6.729856282	7.84315096142
6.72868035705	7.84881356561
6.72756518159	7.85471877753
6.72651808939	7.86086452748
6.72553496258	7.86725229489
6.72460917101	7.87387889116
6.72373293388	7.88073772974
6.72289691197	7.8878183376
6.72209869794	7.89511840779
6.72131940317	7.90260824547
6.72055807045	7.91028095665
6.71981006967	7.91812813779
6.71907317295	7.926138003
6.7183471285	7.93430170327
6.71763292211	7.94261274287
6.71693800156	7.95105885455
6.7162562164	7.9596475156
6.71559374555	7.96836903048
6.71495393537	7.9772251413
6.7143369537	7.98621307848
6.7137461426	7.99532952584
6.71316984686	8.00457171983
6.71262234199	8.01395913552
6.71209109853	8.02348339789
6.71157584658	8.03314388304
6.71106952166	8.04294219586
6.71056931013	8.05287735701
6.71007064952	8.06294577206
6.70956987101	8.07314002161
6.70906440758	8.08345213786
6.70855002133	8.09387535157
6.70802526741	8.10439428926
6.70748967133	8.11499389615
6.70694505971	8.12565634186
6.70639113474	8.13636186536
6.70582895132	8.14709055457
6.70526234047	8.15782113964
6.70469442763	8.16853343708
6.70412968473	8.17920853879
6.70357246524	8.18982999876
6.70302748584	8.20038350654
6.7024980956	8.21085621734
6.70198972233	8.22123804242
6.70151099962	8.23153271161
6.70106338784	8.2417295618
6.70065180192	8.25182769334
6.70027971929	8.26182735521
6.69994947288	8.2717226193
6.69966997146	8.28152683559
6.69944041058	8.2912299709
6.69926810748	8.30081363124
6.69915690291	8.31032234735
6.69909190337	8.31970188246
6.6990950648	8.32898122585
6.69916366686	8.33814552498
6.69929989499	8.34718923781
6.69950577282	8.35610601646
6.69978146224	8.36489119181
6.70012626396	8.37353697476
6.70053756114	8.38204076931
6.70101260737	8.39039473077
6.70154737712	8.39859359686
6.7021388643	8.40663180109
6.70278687293	8.41450249289
6.70349663628	8.42220589624
6.70426574778	8.42972193454
6.70510433972	8.43705209189
6.70601909965	8.44419225043
6.70700817412	8.45114656642
6.70808947573	8.45790282848
6.70925319928	8.46447217104
6.71049473311	8.47086097017
6.71180682934	8.47707769434
6.71318107411	8.48313181667
6.71460896832	8.48903328175
6.71608280594	8.49479192477
6.71759611754	8.50041714837
6.71914380612	8.50591774647
6.72072209271	8.51130181703
6.72232836141	8.51657672817
6.72396098792	8.52174910617
6.7256190049	8.52682493222
6.7273021366	8.531809473
6.72901043271	8.53670744909
6.73074424812	8.54152304485
6.73250385875	8.54626012441
6.73429012154	8.5509222118
6.73610259496	8.55551218383
6.73794204638	8.56003320471
6.73980875107	8.56448799705
6.74170220043	8.56887935327
6.74362230408	8.57320998552
6.74557827339	8.57749053173
6.74754977933	8.58170562887
6.74955447368	8.58586106758
6.75157694257	8.58997051155
6.75362284671	8.59402976467
6.75569194751	8.59804150087
6.75778340596	8.60200752981
6.75989612669	8.60593034933
6.76202980375	8.60981050104
6.76418273942	8.61365009173
6.76635550813	8.61745147863
6.76854616391	8.62121570972
6.77075461532	8.62494470057
6.77297962743	8.62863975573
6.77521706744	8.63229931658
6.77746955365	8.63592852841
6.77973961863	8.63953059865
6.78202298191	8.64310434362
6.78431883526	8.64665106552
6.78662637361	8.65017203096
6.7889441486	8.65366894384
6.79127286864	8.6571419045
6.79361084956	8.6605927331
6.79595730511	8.66402256503
6.79831145412	8.66743250642
6.8006725209	8.67082363508
6.80303973568	8.67419700144
6.80541233505	8.67755362933
6.80778956246	8.68089451677
6.81017066219	8.68422166849
6.81255490561	8.68753387854
6.81494155302	8.6908332013
6.81732973966	8.69412033804
6.81971905191	8.69739659564
6.82210119425	8.7006676857
6.82449068428	8.70392399991
6.8268790377	8.70717171018
6.82926558006	8.71041160701
6.83165207379	8.71364797037
6.83403269997	8.71687418583
6.83640830344	8.72009611018
6.83878128374	8.72331153382
6.84114959669	8.72652318873
6.84351186937	8.72973107982
6.84586826554	8.73293649238
6.84821748592	8.73613942202
6.85055933916	8.73934079839
6.85289327549	8.7425412073
6.85519907708	8.74572734501
6.85752424382	8.74893530147
6.8598403792	8.75214305926
6.86214629135	8.75535179248
6.86444141017	8.75856198054
6.86670013143	8.76175480614
6.86896443681	8.76496330796
6.87121693989	8.76817475241
6.8734559509	8.77139421255
6.87568349282	8.77461301459
6.87789793011	8.77783616043
6.8800988689	8.78106403276
6.88228575703	8.78429692992
6.88445859048	8.78753535147
6.88661681473	8.79077955478
6.88875990885	8.79402979356
6.89088792007	8.7972865242
6.8930003196	8.80054995942
6.89509679853	8.80382037915
6.89717705941	8.80709804953
6.89924081613	8.81038322315
6.90128779378	8.81367613923
6.90331772856	8.81697702393
6.90533036764	8.82028609055
6.90732546909	8.82360353979
6.90930280173	8.82692955998
6.91126214505	8.83026432732
6.91320304564	8.83360844309
6.91512323028	8.83696342632
6.91702803502	8.84032479284
6.91891399058	8.84369556909
6.92078445262	8.84708003397
6.92263184152	8.8504696058
6.9244599647	8.85386892204
6.92626868573	8.85727806277
6.92805776076	8.86069734889
6.92982731137	8.86412633045
6.93157710736	8.8675653214
6.93330702412	8.87101430723
6.93501702629	8.87447344571
6.93670517982	8.87794370672
6.93837516062	8.88142303729
6.94002436765	8.88491337575
6.9416539946	8.88841296778
6.94326335592	8.8919227048
6.94485241394	8.89544257497
6.94642113921	8.89897255938
6.94796951031	8.90251263223
6.94949902469	8.90606410149
6.95100655317	8.9096241598
6.95249371639	8.91319419548
6.95396052332	8.91677415715
6.95540699021	8.92036398766
6.9568331405	8.92396362427
6.95823802235	8.92757492649
6.95962315043	8.93119477587
6.96098862759	8.93482327613
6.96233078279	8.93847159186
6.96365612777	8.94211855318
6.96496143184	8.94577486136
6.96624676393	8.94944042007
6.96751219872	8.95311512912
6.96875781651	8.95679888461
6.96998370301	8.96049157916
6.9711899492	8.96419310211
6.9723766511	8.96790333969
6.97354390961	8.97162217523
6.97469183031	8.97534948936
6.97582052332	8.97908516017
6.97693010306	8.98282906341
6.97802068813	8.98658107266
