15.0882665721	13.5905707196
15.0727476446	13.5876030275
15.0572287171	13.5846353355
15.0417097896	13.5816676434
15.0261908621	13.5786999514
15.0106719346	13.5757322593
14.9951530071	13.5727645673
14.9796340796	13.5697968752
14.9641151521	13.5668291831
14.9485962246	13.5638614911
14.9330772971	13.560893799
14.9175583696	13.557926107
14.9020394421	13.5549584149
14.8865205146	13.5519907228
14.8710015871	13.5490230308
14.8554826596	13.5460553387
14.8399637321	13.5430876467
14.8244448046	13.5401199546
14.8089258771	13.5371522626
14.7934069496	13.5341845705
14.7778880221	13.5312168784
14.7623690946	13.5282491864
14.7468501671	13.5252814943
14.7313312396	13.5223138023
14.7158123121	13.5193461102
14.7002933847	13.5163784181
14.6847744572	13.5134107261
14.6692555297	13.510443034
14.6537366022	13.507475342
14.6382176747	13.5045076499
14.6226987472	13.5015399579
14.6071798197	13.4985722658
14.5916608922	13.4956045737
14.5761419647	13.4926368817
14.5606230372	13.4896691896
14.5451041097	13.4867014976
14.5295851822	13.4837338055
14.5140662547	13.4807661134
14.4985473272	13.4777984214
14.4830283997	13.4748307293
14.4675094722	13.4718630373
14.4519905447	13.4688953452
14.4364716172	13.4659276532
14.4209526897	13.4629599611
14.4054337622	13.459992269
14.3899148347	13.457024577
14.3743959072	13.4540568849
14.3588769797	13.4510891929
14.3433580522	13.4481215008
14.3278391247	13.4451538087
14.3123201972	13.4421861167
14.2968012697	13.4392184246
14.2812823422	13.4362507326
14.2657634147	13.4332830405
14.2502444872	13.4303153485
14.2347255597	13.4273476564
14.2192066322	13.4243799643
14.2036877047	13.4214122723
14.1881687772	13.4184445802
14.1726498497	13.4154768882
14.1571309222	13.4125091961
14.1416119947	13.409541504
14.1260930672	13.406573812
14.1105741397	13.4036061199
14.0950552122	13.4006384279
14.0795362847	13.3976707358
14.0640173572	13.3947030438
14.0484984297	13.3917353517
14.0329795022	13.3887676596
14.0174605747	13.3857999676
14.0019416472	13.3828322755
13.9864227197	13.3798645835
13.9709037922	13.3768968914
13.9553848647	13.3739291993
13.9398659372	13.3709615073
13.9243470098	13.3679938152
13.9088280823	13.3650261232
13.8933091548	13.3620584311
13.8777902273	13.3590907391
13.8622712998	13.356123047
13.8467523723	13.3531553549
13.8312334448	13.3501876629
13.8157145173	13.3472199708
13.8001955898	13.3442522788
13.7846766623	13.3412845867
13.7691577348	13.3383168946
13.7536388073	13.3353492026
13.7381198798	13.3323815105
13.7226009523	13.3294138185
13.7070820248	13.3264461264
13.6915630973	13.3234784344
13.6760441698	13.3205107423
13.6605252423	13.3175430502
13.6450063148	13.3145753582
13.6294873873	13.3116076661
13.6139684598	13.3086399741
13.5984495323	13.305672282
13.5829306048	13.3027045899
13.5674116773	13.2997368979
13.5518927498	13.2967692058
13.5363738223	13.2938015138
13.5208548948	13.2908338217
13.5053359673	13.2878661297
13.4898170398	13.2848984376
13.4742981123	13.2819307455
13.4587791848	13.2789630535
13.4432602573	13.2759953614
13.4277413298	13.2730276694
13.4122224023	13.2700599773
13.3967034748	13.2670922852
13.3811845473	13.2641245932
13.3656656198	13.2611569011
13.3501466923	13.2581892091
13.3346277648	13.255221517
13.3191088373	13.252253825
13.3035899098	13.2492861329
13.2880709823	13.2463184408
13.2725520548	13.2433507488
13.2570331273	13.2403830567
13.2415141998	13.2374153647
13.2259952723	13.2344476726
13.2104763448	13.2314799805
13.1949574173	13.2285122885
13.1794384898	13.2255445964
13.1639195623	13.2225769044
13.1484006349	13.2196092123
13.1328817074	13.2166415203
13.1173627799	13.2136738282
13.1018438524	13.2107061361
13.0863249249	13.2077384441
13.0708059974	13.204770752
13.0552870699	13.20180306
13.0397681424	13.1988353679
13.0242492149	13.1958676758
13.0087302874	13.1928999838
12.9932113599	13.1899322917
12.9776924324	13.1869645997
12.9621735049	13.1839969076
12.9466545774	13.1810292156
12.9311356499	13.1780615235
12.9156167224	13.1750938314
12.9000977949	13.1721261394
12.8845788674	13.1691584473
12.8690599399	13.1661907553
12.8535410124	13.1632230632
12.8380220849	13.1602553711
12.8225031574	13.1572876791
12.8069842299	13.154319987
12.7914653024	13.151352295
12.7759463749	13.1483846029
12.7604274474	13.1454169109
12.7449085199	13.1424492188
12.7293895924	13.1394815267
12.7138706649	13.1365138347
12.6983517374	13.1335461426
12.6828328099	13.1305784506
12.6673138824	13.1276107585
12.6517949549	13.1246430664
12.6362760274	13.1216753744
12.6207570999	13.1187076823
12.6052381724	13.1157399903
12.5897192449	13.1127722982
12.5742003174	13.1098046062
12.5586813899	13.1068369141
12.5431624624	13.103869222
12.5276435349	13.10090153
12.5121246074	13.0979338379
12.4966056799	13.0949661459
12.4810867524	13.0919984538
12.4655678249	13.0890307617
12.4500488974	13.0860630697
12.4345299699	13.0830953776
12.4190110424	13.0801276856
12.4034921149	13.0771599935
12.3879731874	13.0741923015
12.37245426	13.0712246094
12.3569353325	13.0682569173
12.341416405	13.0652892253
12.3258974775	13.0623215332
12.31037855	13.0593538412
12.2948596225	13.0563861491
12.279340695	13.053418457
12.2638217675	13.050450765
12.24830284	13.0474830729
12.2327839125	13.0445153809
12.217264985	13.0415476888
12.2017460575	13.0385799968
12.18622713	13.0356123047
12.1707082025	13.0326446126
12.155189275	13.0296769206
12.1396703475	13.0267092285
12.12415142	13.0237415365
12.1086324925	13.0207738444
12.093113565	13.0178061523
12.0775946375	13.0148384603
12.06207571	13.0118707682
12.0465567825	13.0089030762
12.031037855	13.0059353841
12.0155189275	13.0029676921
12.0	13.0
12.0	13.0
11.9547738693	12.959798995
11.9095477387	12.9195979899
11.864321608	12.8793969849
11.8190954774	12.8391959799
11.7738693467	12.7989949749
11.7286432161	12.7587939698
11.6834170854	12.7185929648
11.6381909548	12.6783919598
11.5929648241	12.6381909548
11.5477386935	12.5979899497
11.5025125628	12.5577889447
11.4572864322	12.5175879397
11.4120603015	12.4773869347
11.3668341709	12.4371859296
11.3216080402	12.3969849246
11.2763819095	12.3567839196
11.2311557789	12.3165829146
11.1859296482	12.2763819095
11.1407035176	12.2361809045
11.0954773869	12.1959798995
11.0502512563	12.1557788945
11.0050251256	12.1155778894
10.959798995	12.0753768844
10.9145728643	12.0351758794
10.8693467337	11.9949748744
10.824120603	11.9547738693
10.7788944724	11.9145728643
10.7336683417	11.8743718593
10.6884422111	11.8341708543
10.6432160804	11.7939698492
10.5979899497	11.7537688442
10.5527638191	11.7135678392
10.5075376884	11.6733668342
10.4623115578	11.6331658291
10.4170854271	11.5929648241
10.3718592965	11.5527638191
10.3266331658	11.5125628141
10.2814070352	11.472361809
10.2361809045	11.432160804
10.1909547739	11.391959799
10.1457286432	11.351758794
10.1005025126	11.3115577889
10.0552763819	11.2713567839
10.0100502513	11.2311557789
9.9648241206	11.1909547739
9.91959798995	11.1507537688
9.8743718593	11.1105527638
9.82914572864	11.0703517588
9.78391959799	11.0301507538
9.73869346734	10.9899497487
9.69346733668	10.9497487437
9.64824120603	10.9095477387
9.60301507538	10.8693467337
9.55778894472	10.8291457286
9.51256281407	10.7889447236
9.46733668342	10.7487437186
9.42211055276	10.7085427136
9.37688442211	10.6683417085
9.33165829146	10.6281407035
9.2864321608	10.5879396985
9.24120603015	10.5477386935
9.1959798995	10.5075376884
9.15075376884	10.4673366834
9.10552763819	10.4271356784
9.06030150754	10.3869346734
9.01507537688	10.3467336683
8.96984924623	10.3065326633
8.92462311558	10.2663316583
8.87939698492	10.2261306533
8.83417085427	10.1859296482
8.78894472362	10.1457286432
8.74371859296	10.1055276382
8.69849246231	10.0653266332
8.65326633166	10.0251256281
8.60804020101	9.98492462312
8.56281407035	9.94472361809
8.5175879397	9.90452261307
8.47236180905	9.86432160804
8.42713567839	9.82412060302
8.38190954774	9.78391959799
8.33668341709	9.74371859296
8.29145728643	9.70351758794
8.24623115578	9.66331658291
8.20100502513	9.62311557789
8.15577889447	9.58291457286
8.11055276382	9.54271356784
8.06532663317	9.50251256281
8.02010050251	9.46231155779
7.97487437186	9.42211055276
7.92964824121	9.38190954774
7.88442211055	9.34170854271
7.8391959799	9.30150753769
7.79396984925	9.26130653266
7.74874371859	9.22110552764
7.70351758794	9.18090452261
7.65829145729	9.14070351759
7.61306532663	9.10050251256
7.56783919598	9.06030150754
7.52261306533	9.02010050251
7.47738693467	8.97989949749
7.43216080402	8.93969849246
7.38693467337	8.89949748744
7.34170854271	8.85929648241
7.29648241206	8.81909547739
7.25125628141	8.77889447236
7.20603015075	8.73869346734
7.1608040201	8.69849246231
7.11557788945	8.65829145729
7.07035175879	8.61809045226
7.02512562814	8.57788944724
6.97989949749	8.53768844221
6.93467336683	8.49748743719
6.88944723618	8.45728643216
6.84422110553	8.41708542714
6.79899497487	8.37688442211
6.75376884422	8.33668341709
6.70854271357	8.29648241206
6.66331658291	8.25628140704
6.61809045226	8.21608040201
6.57286432161	8.17587939698
6.52763819095	8.13567839196
6.4824120603	8.09547738693
6.43718592965	8.05527638191
6.39195979899	8.01507537688
6.34673366834	7.97487437186
6.30150753769	7.93467336683
6.25628140704	7.89447236181
6.21105527638	7.85427135678
6.16582914573	7.81407035176
6.12060301508	7.77386934673
6.07537688442	7.73366834171
6.03015075377	7.69346733668
5.98492462312	7.65326633166
5.93969849246	7.61306532663
5.89447236181	7.57286432161
5.84924623116	7.53266331658
5.8040201005	7.49246231156
5.75879396985	7.45226130653
5.7135678392	7.41206030151
5.66834170854	7.37185929648
5.62311557789	7.33165829146
5.57788944724	7.29145728643
5.53266331658	7.25125628141
5.48743718593	7.21105527638
5.44221105528	7.17085427136
5.39698492462	7.13065326633
5.35175879397	7.09045226131
5.30653266332	7.05025125628
5.26130653266	7.01005025126
5.21608040201	6.96984924623
5.17085427136	6.92964824121
5.1256281407	6.88944723618
5.08040201005	6.84924623116
5.0351758794	6.80904522613
4.98994974874	6.76884422111
4.94472361809	6.72864321608
4.89949748744	6.68844221106
4.85427135678	6.64824120603
4.80904522613	6.60804020101
4.76381909548	6.56783919598
4.71859296482	6.52763819095
4.67336683417	6.48743718593
4.62814070352	6.4472361809
4.58291457286	6.40703517588
4.53768844221	6.36683417085
4.49246231156	6.32663316583
4.4472361809	6.2864321608
4.40201005025	6.24623115578
4.3567839196	6.20603015075
4.31155778894	6.16582914573
4.26633165829	6.1256281407
4.22110552764	6.08542713568
4.17587939698	6.04522613065
4.13065326633	6.00502512563
4.08542713568	5.9648241206
4.04020100503	5.92462311558
3.99497487437	5.88442211055
3.94974874372	5.84422110553
3.90452261307	5.8040201005
3.85929648241	5.76381909548
3.81407035176	5.72361809045
3.76884422111	5.68341708543
3.72361809045	5.6432160804
3.6783919598	5.60301507538
3.63316582915	5.56281407035
3.58793969849	5.52261306533
3.54271356784	5.4824120603
3.49748743719	5.44221105528
3.45226130653	5.40201005025
3.40703517588	5.36180904523
3.36180904523	5.3216080402
3.31658291457	5.28140703518
3.27135678392	5.24120603015
3.22613065327	5.20100502513
3.18090452261	5.1608040201
3.13567839196	5.12060301508
3.09045226131	5.08040201005
3.04522613065	5.04020100503
3.0	5.0
3.0	5.0
2.99928925022	4.98184648874
2.99857850044	4.96369297747
2.99786775066	4.94553946621
2.99715700089	4.92738595494
2.99644625111	4.90923244368
2.99573550133	4.89107893241
2.99502475155	4.87292542115
2.99431400177	4.85477190989
2.99360325199	4.83661839862
2.99289250221	4.81846488736
2.99218175243	4.80031137609
2.99147100266	4.78215786483
2.99076025288	4.76400435357
2.9900495031	4.7458508423
2.98933875332	4.72769733104
2.98862800354	4.70954381977
2.98791725376	4.69139030851
2.98720650398	4.67323679724
2.9864957542	4.65508328598
2.98578500443	4.63692977472
2.98507425465	4.61877626345
2.98436350487	4.60062275219
2.98365275509	4.58246924092
2.98294200531	4.56431572966
2.98223125553	4.54616221839
2.98152050575	4.52800870713
2.98080975598	4.50985519587
2.9800990062	4.4917016846
2.97938825642	4.47354817334
2.97867750664	4.45539466207
2.97796675686	4.43724115081
2.97725600708	4.41908763954
2.9765452573	4.40093412828
2.97583450752	4.38278061702
2.97512375775	4.36462710575
2.97441300797	4.34647359449
2.97370225819	4.32832008322
2.97299150841	4.31016657196
2.97228075863	4.2920130607
2.97157000885	4.27385954943
2.97085925907	4.25570603817
2.97014850929	4.2375525269
2.96943775952	4.21939901564
2.96872700974	4.20124550437
2.96801625996	4.18309199311
2.96730551018	4.16493848185
2.9665947604	4.14678497058
2.96588401062	4.12863145932
2.96517326084	4.11047794805
2.96446251107	4.09232443679
2.96375176129	4.07417092552
2.96304101151	4.05601741426
2.96233026173	4.037863903
2.96161951195	4.01971039173
2.96090876217	4.00155688047
2.96019801239	3.9834033692
2.95948726261	3.96524985794
2.95877651284	3.94709634668
2.95806576306	3.92894283541
2.95735501328	3.91078932415
2.9566442635	3.89263581288
2.95593351372	3.87448230162
2.95522276394	3.85632879035
2.95451201416	3.83817527909
2.95380126438	3.82002176783
2.95309051461	3.80186825656
2.95237976483	3.7837147453
2.95166901505	3.76556123403
2.95095826527	3.74740772277
2.95024751549	3.7292542115
2.94953676571	3.71110070024
2.94882601593	3.69294718898
2.94811526616	3.67479367771
2.94740451638	3.65664016645
2.9466937666	3.63848665518
2.94598301682	3.62033314392
2.94527226704	3.60217963265
2.94456151726	3.58402612139
2.94385076748	3.56587261013
2.9431400177	3.54771909886
2.94242926793	3.5295655876
2.94171851815	3.51141207633
2.94100776837	3.49325856507
2.94029701859	3.47510505381
2.93958626881	3.45695154254
2.93887551903	3.43879803128
2.93816476925	3.42064452001
2.93745401947	3.40249100875
2.9367432697	3.38433749748
2.93603251992	3.36618398622
2.93532177014	3.34803047496
2.93461102036	3.32987696369
2.93390027058	3.31172345243
2.9331895208	3.29356994116
2.93247877102	3.2754164299
2.93176802125	3.25726291863
2.93105727147	3.23910940737
2.93034652169	3.22095589611
2.92963577191	3.20280238484
2.92892502213	3.18464887358
2.92821427235	3.16649536231
2.92750352257	3.14834185105
2.92679277279	3.13018833979
2.92608202302	3.11203482852
2.92537127324	3.09388131726
2.92466052346	3.07572780599
2.92394977368	3.05757429473
2.9232390239	3.03942078346
2.92252827412	3.0212672722
2.92181752434	3.00311376094
2.92110677457	2.98496024967
2.92039602479	2.96680673841
2.91968527501	2.94865322714
2.91897452523	2.93049971588
2.91826377545	2.91234620461
2.91755302567	2.89419269335
2.91684227589	2.87603918209
2.91613152611	2.85788567082
2.91542077634	2.83973215956
2.91471002656	2.82157864829
2.91399927678	2.80342513703
2.913288527	2.78527162577
2.91257777722	2.7671181145
2.91186702744	2.74896460324
2.91115627766	2.73081109197
2.91044552788	2.71265758071
2.90973477811	2.69450406944
2.90902402833	2.67635055818
2.90831327855	2.65819704692
2.90760252877	2.64004353565
2.90689177899	2.62189002439
2.90618102921	2.60373651312
2.90547027943	2.58558300186
2.90475952966	2.56742949059
2.90404877988	2.54927597933
2.9033380301	2.53112246807
2.90262728032	2.5129689568
2.90191653054	2.49481544554
2.90120578076	2.47666193427
2.90049503098	2.45850842301
2.8997842812	2.44035491174
2.89907353143	2.42220140048
2.89836278165	2.40404788922
2.89765203187	2.38589437795
2.89694128209	2.36774086669
2.89623053231	2.34958735542
2.89551978253	2.33143384416
2.89480903275	2.3132803329
2.89409828297	2.29512682163
2.8933875332	2.27697331037
2.89267678342	2.2588197991
2.89196603364	2.24066628784
2.89125528386	2.22251277657
2.89054453408	2.20435926531
2.8898337843	2.18620575405
2.88912303452	2.16805224278
2.88841228475	2.14989873152
2.88770153497	2.13174522025
2.88699078519	2.11359170899
2.88628003541	2.09543819772
2.88556928563	2.07728468646
2.88485853585	2.0591311752
2.88414778607	2.04097766393
2.88343703629	2.02282415267
2.88272628652	2.0046706414
2.88201553674	1.98651713014
2.88130478696	1.96836361888
2.88059403718	1.95021010761
2.8798832874	1.93205659635
2.87917253762	1.91390308508
2.87846178784	1.89574957382
2.87775103806	1.87759606255
2.87704028829	1.85944255129
2.87632953851	1.84128904003
2.87561878873	1.82313552876
2.87490803895	1.8049820175
2.87419728917	1.78682850623
2.87348653939	1.76867499497
2.87277578961	1.7505214837
2.87206503984	1.73236797244
2.87135429006	1.71421446118
2.87064354028	1.69606094991
2.8699327905	1.67790743865
2.86922204072	1.65975392738
2.86851129094	1.64160041612
2.86780054116	1.62344690485
2.86708979138	1.60529339359
2.86637904161	1.58713988233
2.86566829183	1.56898637106
2.86495754205	1.5508328598
2.86424679227	1.53267934853
2.86353604249	1.51452583727
2.86282529271	1.49637232601
2.86211454293	1.47821881474
2.86140379315	1.46006530348
2.86069304338	1.44191179221
2.8599822936	1.42375828095
2.85927154382	1.40560476968
2.85856079404	1.38745125842
