15.2743707905	1.65331442751
15.2736831444	1.66170211065
15.2729954983	1.67008979379
15.2723078522	1.67847747693
15.2716202061	1.68686516007
15.27093256	1.69525284321
15.270244914	1.70364052634
15.2695572679	1.71202820948
15.2688696218	1.72041589262
15.2681819757	1.72880357576
15.2674943296	1.7371912589
15.2668066835	1.74557894204
15.2661190374	1.75396662518
15.2654313913	1.76235430832
15.2647437452	1.77074199146
15.2640560991	1.7791296746
15.263368453	1.78751735774
15.2626808069	1.79590504087
15.2619931609	1.80429272401
15.2613055148	1.81268040715
15.2606178687	1.82106809029
15.2599302226	1.82945577343
15.2592425765	1.83784345657
15.2585549304	1.84623113971
15.2578672843	1.85461882285
15.2571796382	1.86300650599
15.2564919921	1.87139418913
15.255804346	1.87978187226
15.2551166999	1.8881695554
15.2544290538	1.89655723854
15.2537414078	1.90494492168
15.2530537617	1.91333260482
15.2523661156	1.92172028796
15.2516784695	1.9301079711
15.2509908234	1.93849565424
15.2503031773	1.94688333738
15.2496155312	1.95527102052
15.2489278851	1.96365870366
15.248240239	1.97204638679
15.2475525929	1.98043406993
15.2468649468	1.98882175307
15.2461773007	1.99720943621
15.2454896547	2.00559711935
15.2448020086	2.01398480249
15.2441143625	2.02237248563
15.2434267164	2.03076016877
15.2427390703	2.03914785191
15.2420514242	2.04753553505
15.2413637781	2.05592321819
15.240676132	2.06431090132
15.2399884859	2.07269858446
15.2393008398	2.0810862676
15.2386131937	2.08947395074
15.2379255477	2.09786163388
15.2372379016	2.10624931702
15.2365502555	2.11463700016
15.2358626094	2.1230246833
15.2351749633	2.13141236644
15.2344873172	2.13980004958
15.2337996711	2.14818773272
15.233112025	2.15657541585
15.2324243789	2.16496309899
15.2317367328	2.17335078213
15.2310490867	2.18173846527
15.2303614406	2.19012614841
15.2296737946	2.19851383155
15.2289861485	2.20690151469
15.2282985024	2.21528919783
15.2276108563	2.22367688097
15.2269232102	2.23206456411
15.2262355641	2.24045224725
15.225547918	2.24883993038
15.2248602719	2.25722761352
15.2241726258	2.26561529666
15.2234849797	2.2740029798
15.2227973336	2.28239066294
15.2221096875	2.29077834608
15.2214220415	2.29916602922
15.2207343954	2.30755371236
15.2200467493	2.3159413955
15.2193591032	2.32432907864
15.2186714571	2.33271676177
15.217983811	2.34110444491
15.2172961649	2.34949212805
15.2166085188	2.35787981119
15.2159208727	2.36626749433
15.2152332266	2.37465517747
15.2145455805	2.38304286061
15.2138579344	2.39143054375
15.2131702884	2.39981822689
15.2124826423	2.40820591003
15.2117949962	2.41659359317
15.2111073501	2.4249812763
15.210419704	2.43336895944
15.2097320579	2.44175664258
15.2090444118	2.45014432572
15.2083567657	2.45853200886
15.2076691196	2.466919692
15.2069814735	2.47530737514
15.2062938274	2.48369505828
15.2056061814	2.49208274142
15.2049185353	2.50047042456
15.2042308892	2.5088581077
15.2035432431	2.51724579083
15.202855597	2.52563347397
15.2021679509	2.53402115711
15.2014803048	2.54240884025
15.2007926587	2.55079652339
15.2001050126	2.55918420653
15.1994173665	2.56757188967
15.1987297204	2.57595957281
15.1980420743	2.58434725595
15.1973544283	2.59273493909
15.1966667822	2.60112262223
15.1959791361	2.60951030536
15.19529149	2.6178979885
15.1946038439	2.62628567164
15.1939161978	2.63467335478
15.1932285517	2.64306103792
15.1925409056	2.65144872106
15.1918532595	2.6598364042
15.1911656134	2.66822408734
15.1904779673	2.67661177048
15.1897903212	2.68499945362
15.1891026752	2.69338713676
15.1884150291	2.70177481989
15.187727383	2.71016250303
15.1870397369	2.71855018617
15.1863520908	2.72693786931
15.1856644447	2.73532555245
15.1849767986	2.74371323559
15.1842891525	2.75210091873
15.1836015064	2.76048860187
15.1829138603	2.76887628501
15.1822262142	2.77726396815
15.1815385682	2.78565165128
15.1808509221	2.79403933442
15.180163276	2.80242701756
15.1794756299	2.8108147007
15.1787879838	2.81920238384
15.1781003377	2.82759006698
15.1774126916	2.83597775012
15.1767250455	2.84436543326
15.1760373994	2.8527531164
15.1753497533	2.86114079954
15.1746621072	2.86952848268
15.1739744611	2.87791616581
15.1732868151	2.88630384895
15.172599169	2.89469153209
15.1719115229	2.90307921523
15.1712238768	2.91146689837
15.1705362307	2.91985458151
15.1698485846	2.92824226465
15.1691609385	2.93662994779
15.1684732924	2.94501763093
15.1677856463	2.95340531407
15.1670980002	2.96179299721
15.1664103541	2.97018068034
15.165722708	2.97856836348
15.165035062	2.98695604662
15.1643474159	2.99534372976
15.1636597698	3.0037314129
15.1629721237	3.01211909604
15.1622844776	3.02050677918
15.1615968315	3.02889446232
15.1609091854	3.03728214546
15.1602215393	3.0456698286
15.1595338932	3.05405751174
15.1588462471	3.06244519487
15.158158601	3.07083287801
15.1574709549	3.07922056115
15.1567833089	3.08760824429
15.1560956628	3.09599592743
15.1554080167	3.10438361057
15.1547203706	3.11277129371
15.1540327245	3.12115897685
15.1533450784	3.12954665999
15.1526574323	3.13793434313
15.1519697862	3.14632202626
15.1512821401	3.1547097094
15.150594494	3.16309739254
15.1499068479	3.17148507568
15.1492192019	3.17987275882
15.1485315558	3.18826044196
15.1478439097	3.1966481251
15.1471562636	3.20503580824
15.1464686175	3.21342349138
15.1457809714	3.22181117452
15.1450933253	3.23019885766
15.1444056792	3.23858654079
15.1437180331	3.24697422393
15.143030387	3.25536190707
15.1423427409	3.26374959021
15.1416550948	3.27213727335
15.1409674488	3.28052495649
15.1402798027	3.28891263963
15.1395921566	3.29730032277
15.1389045105	3.30568800591
15.1382168644	3.31407568905
15.1375292183	3.32246337219
15.1368415722	3.33085105532
15.1361539261	3.33923873846
15.13546628	3.3476264216
15.1347786339	3.35601410474
15.1340909878	3.36440178788
15.1334033417	3.37278947102
15.1327156957	3.38117715416
15.1320280496	3.3895648373
15.1313404035	3.39795252044
15.1306527574	3.40634020358
15.1299651113	3.41472788672
15.1292774652	3.42311556985
15.1285898191	3.43150325299
15.127902173	3.43989093613
15.1272145269	3.44827861927
15.1265268808	3.45666630241
15.1258392347	3.46505398555
15.1251515886	3.47344166869
15.1244639426	3.48182935183
15.1237762965	3.49021703497
15.1230886504	3.49860471811
15.1224010043	3.50699240125
15.1217133582	3.51538008438
15.1210257121	3.52376776752
15.120338066	3.53215545066
15.1196504199	3.5405431338
15.1189627738	3.54893081694
15.1182751277	3.55731850008
15.1175874816	3.56570618322
15.1168998356	3.57409386636
15.1162121895	3.5824815495
15.1155245434	3.59086923264
15.1148368973	3.59925691577
15.1141492512	3.60764459891
15.1134616051	3.61603228205
15.112773959	3.62441996519
15.1120863129	3.63280764833
15.1113986668	3.64119533147
15.1107110207	3.64958301461
15.1100233746	3.65797069775
15.1093357285	3.66635838089
15.1086480825	3.67474606403
15.1079604364	3.68313374717
15.1072727903	3.6915214303
15.1065851442	3.69990911344
15.1058974981	3.70829679658
15.105209852	3.71668447972
15.1045222059	3.72507216286
15.1038345598	3.733459846
15.1031469137	3.74184752914
15.1024592676	3.75023521228
15.1017716215	3.75862289542
15.1010839754	3.76701057856
15.1003963294	3.7753982617
15.0997086833	3.78378594483
15.0990210372	3.79217362797
15.0983333911	3.80056131111
15.097645745	3.80894899425
15.0969580989	3.81733667739
15.0962704528	3.82572436053
15.0955828067	3.83411204367
15.0948951606	3.84249972681
15.0942075145	3.85088740995
15.0935198684	3.85927509309
15.0928322223	3.86766277623
15.0921445763	3.87605045936
15.0914569302	3.8844381425
15.0907692841	3.89282582564
15.090081638	3.90121350878
15.0893939919	3.90960119192
15.0887063458	3.91798887506
15.0880186997	3.9263765582
15.0873310536	3.93476424134
15.0866434075	3.94315192448
15.0859557614	3.95153960762
15.0852681153	3.95992729075
15.0845804693	3.96831497389
15.0838928232	3.97670265703
15.0832051771	3.98509034017
15.082517531	3.99347802331
15.0818298849	4.00186570645
15.0811422388	4.01025338959
15.0804545927	4.01864107273
15.0797669466	4.02702875587
15.0790793005	4.03541643901
15.0783916544	4.04380412215
15.0777040083	4.05219180528
15.0770163622	4.06057948842
15.0763287162	4.06896717156
15.0756410701	4.0773548547
15.074953424	4.08574253784
15.0742657779	4.09413022098
15.0735781318	4.10251790412
15.0728904857	4.11090558726
15.0722028396	4.1192932704
15.0715151935	4.12768095354
15.0708275474	4.13606863668
15.0701399013	4.14445631981
15.0694522552	4.15284400295
15.0687646091	4.16123168609
15.0680769631	4.16961936923
15.067389317	4.17800705237
15.0667016709	4.18639473551
15.0660140248	4.19478241865
15.0653263787	4.20317010179
15.0646387326	4.21155778493
15.0639510865	4.21994546807
15.0632634404	4.22833315121
15.0625757943	4.23672083434
15.0618881482	4.24510851748
15.0612005021	4.25349620062
15.0605128561	4.26188388376
15.05982521	4.2702715669
15.0591375639	4.27865925004
15.0584499178	4.28704693318
15.0577622717	4.29543461632
15.0570746256	4.30382229946
15.0563869795	4.3122099826
15.0556993334	4.32059766574
15.0550116873	4.32898534887
15.0543240412	4.33737303201
15.0536363951	4.34576071515
15.052948749	4.35414839829
15.052261103	4.36253608143
15.0515734569	4.37092376457
15.0508858108	4.37931144771
15.0501981647	4.38769913085
15.0495105186	4.39608681399
15.0488228725	4.40447449713
15.0481352264	4.41286218026
15.0474475803	4.4212498634
15.0467599342	4.42963754654
15.0460722881	4.43802522968
15.045384642	4.44641291282
15.0446969959	4.45480059596
15.0440093499	4.4631882791
15.0433217038	4.47157596224
15.0426340577	4.47996364538
15.0419464116	4.48835132852
15.0412587655	4.49673901166
15.0405711194	4.50512669479
15.0398834733	4.51351437793
15.0391958272	4.52190206107
15.0385081811	4.53028974421
15.037820535	4.53867742735
15.0371328889	4.54706511049
15.0364452428	4.55545279363
15.0357575968	4.56384047677
15.0350699507	4.57222815991
15.0343823046	4.58061584305
15.0336946585	4.58900352619
15.0330070124	4.59739120932
15.0323193663	4.60577889246
15.0316317202	4.6141665756
15.0309440741	4.62255425874
15.030256428	4.63094194188
15.0295687819	4.63932962502
15.0288811358	4.64771730816
15.0281934898	4.6561049913
15.0275058437	4.66449267444
15.0268181976	4.67288035758
15.0261305515	4.68126804072
15.0254429054	4.68965572385
15.0247552593	4.69804340699
15.0240676132	4.70643109013
15.0233799671	4.71481877327
15.022692321	4.72320645641
15.0220046749	4.73159413955
15.0213170288	4.73998182269
15.0206293827	4.74836950583
15.0199417367	4.75675718897
15.0192540906	4.76514487211
15.0185664445	4.77353255525
15.0178787984	4.78192023838
15.0171911523	4.79030792152
15.0165035062	4.79869560466
15.0158158601	4.8070832878
15.015128214	4.81547097094
15.0144405679	4.82385865408
15.0137529218	4.83224633722
15.0130652757	4.84063402036
15.0123776296	4.8490217035
15.0116899836	4.85740938664
15.0110023375	4.86579706977
15.0103146914	4.87418475291
15.0096270453	4.88257243605
15.0089393992	4.89096011919
15.0082517531	4.89934780233
15.007564107	4.90773548547
15.0068764609	4.91612316861
15.0061888148	4.92451085175
15.0055011687	4.93289853489
15.0048135226	4.94128621803
15.0041258765	4.94967390117
15.0034382305	4.9580615843
15.0027505844	4.96644926744
15.0020629383	4.97483695058
15.0013752922	4.98322463372
15.0006876461	4.99161231686
15.0	5.0
15.0	5.0
14.969924812	5.0
14.9398496241	5.0
14.9097744361	5.0
14.8796992481	5.0
14.8496240602	5.0
14.8195488722	5.0
14.7894736842	5.0
14.7593984962	5.0
14.7293233083	5.0
14.6992481203	5.0
14.6691729323	5.0
14.6390977444	5.0
14.6090225564	5.0
14.5789473684	5.0
14.5488721805	5.0
14.5187969925	5.0
14.4887218045	5.0
14.4586466165	5.0
14.4285714286	5.0
14.3984962406	5.0
14.3684210526	5.0
14.3383458647	5.0
14.3082706767	5.0
14.2781954887	5.0
14.2481203008	5.0
14.2180451128	5.0
14.1879699248	5.0
14.1578947368	5.0
14.1278195489	5.0
14.0977443609	5.0
14.0676691729	5.0
14.037593985	5.0
14.007518797	5.0
13.977443609	5.0
13.9473684211	5.0
13.9172932331	5.0
13.8872180451	5.0
13.8571428571	5.0
13.8270676692	5.0
13.7969924812	5.0
13.7669172932	5.0
13.7368421053	5.0
13.7067669173	5.0
13.6766917293	5.0
13.6466165414	5.0
13.6165413534	5.0
13.5864661654	5.0
13.5563909774	5.0
13.5263157895	5.0
13.4962406015	5.0
13.4661654135	5.0
13.4360902256	5.0
13.4060150376	5.0
13.3759398496	5.0
13.3458646617	5.0
13.3157894737	5.0
13.2857142857	5.0
13.2556390977	5.0
13.2255639098	5.0
13.1954887218	5.0
13.1654135338	5.0
13.1353383459	5.0
13.1052631579	5.0
13.0751879699	5.0
13.045112782	5.0
13.015037594	5.0
12.984962406	5.0
12.954887218	5.0
12.9248120301	5.0
12.8947368421	5.0
12.8646616541	5.0
12.8345864662	5.0
12.8045112782	5.0
12.7744360902	5.0
12.7443609023	5.0
12.7142857143	5.0
12.6842105263	5.0
12.6541353383	5.0
12.6240601504	5.0
12.5939849624	5.0
12.5639097744	5.0
12.5338345865	5.0
12.5037593985	5.0
12.4736842105	5.0
12.4436090226	5.0
12.4135338346	5.0
12.3834586466	5.0
12.3533834586	5.0
12.3233082707	5.0
12.2932330827	5.0
12.2631578947	5.0
12.2330827068	5.0
12.2030075188	5.0
12.1729323308	5.0
12.1428571429	5.0
12.1127819549	5.0
12.0827067669	5.0
12.0526315789	5.0
12.022556391	5.0
11.992481203	5.0
11.962406015	5.0
11.9323308271	5.0
11.9022556391	5.0
11.8721804511	5.0
11.8421052632	5.0
11.8120300752	5.0
11.7819548872	5.0
11.7518796992	5.0
11.7218045113	5.0
11.6917293233	5.0
11.6616541353	5.0
11.6315789474	5.0
11.6015037594	5.0
11.5714285714	5.0
11.5413533835	5.0
11.5112781955	5.0
11.4812030075	5.0
11.4511278195	5.0
11.4210526316	5.0
11.3909774436	5.0
11.3609022556	5.0
11.3308270677	5.0
11.3007518797	5.0
11.2706766917	5.0
11.2406015038	5.0
11.2105263158	5.0
11.1804511278	5.0
11.1503759398	5.0
11.1203007519	5.0
11.0902255639	5.0
11.0601503759	5.0
11.030075188	5.0
11.0	5.0
10.969924812	5.0
10.9398496241	5.0
10.9097744361	5.0
10.8796992481	5.0
10.8496240602	5.0
10.8195488722	5.0
10.7894736842	5.0
10.7593984962	5.0
10.7293233083	5.0
10.6992481203	5.0
10.6691729323	5.0
10.6390977444	5.0
10.6090225564	5.0
10.5789473684	5.0
10.5488721805	5.0
10.5187969925	5.0
10.4887218045	5.0
10.4586466165	5.0
10.4285714286	5.0
10.3984962406	5.0
10.3684210526	5.0
10.3383458647	5.0
10.3082706767	5.0
10.2781954887	5.0
10.2481203008	5.0
10.2180451128	5.0
10.1879699248	5.0
10.1578947368	5.0
10.1278195489	5.0
10.0977443609	5.0
10.0676691729	5.0
10.037593985	5.0
10.007518797	5.0
9.97744360902	5.0
9.94736842105	5.0
9.91729323308	5.0
9.88721804511	5.0
9.85714285714	5.0
9.82706766917	5.0
9.7969924812	5.0
9.76691729323	5.0
9.73684210526	5.0
9.70676691729	5.0
9.67669172932	5.0
9.64661654135	5.0
9.61654135338	5.0
9.58646616541	5.0
9.55639097744	5.0
9.52631578947	5.0
9.4962406015	5.0
9.46616541353	5.0
9.43609022556	5.0
9.40601503759	5.0
9.37593984962	5.0
9.34586466165	5.0
9.31578947368	5.0
9.28571428571	5.0
9.25563909774	5.0
9.22556390977	5.0
9.1954887218	5.0
9.16541353383	5.0
9.13533834586	5.0
9.10526315789	5.0
9.07518796992	5.0
9.04511278195	5.0
9.01503759398	5.0
8.98496240602	5.0
8.95488721805	5.0
8.92481203008	5.0
8.89473684211	5.0
8.86466165414	5.0
8.83458646617	5.0
8.8045112782	5.0
8.77443609023	5.0
8.74436090226	5.0
8.71428571429	5.0
8.68421052632	5.0
8.65413533835	5.0
8.62406015038	5.0
8.59398496241	5.0
8.56390977444	5.0
8.53383458647	5.0
8.5037593985	5.0
8.47368421053	5.0
8.44360902256	5.0
8.41353383459	5.0
8.38345864662	5.0
8.35338345865	5.0
8.32330827068	5.0
8.29323308271	5.0
8.26315789474	5.0
8.23308270677	5.0
8.2030075188	5.0
8.17293233083	5.0
8.14285714286	5.0
8.11278195489	5.0
8.08270676692	5.0
8.05263157895	5.0
8.02255639098	5.0
7.99248120301	5.0
7.96240601504	5.0
7.93233082707	5.0
7.9022556391	5.0
7.87218045113	5.0
7.84210526316	5.0
7.81203007519	5.0
7.78195488722	5.0
7.75187969925	5.0
7.72180451128	5.0
7.69172932331	5.0
7.66165413534	5.0
7.63157894737	5.0
7.6015037594	5.0
7.57142857143	5.0
7.54135338346	5.0
7.51127819549	5.0
7.48120300752	5.0
7.45112781955	5.0
7.42105263158	5.0
7.39097744361	5.0
7.36090225564	5.0
7.33082706767	5.0
7.3007518797	5.0
7.27067669173	5.0
7.24060150376	5.0
7.21052631579	5.0
7.18045112782	5.0
7.15037593985	5.0
7.12030075188	5.0
7.09022556391	5.0
7.06015037594	5.0
7.03007518797	5.0
7.0	5.0
6.96992481203	5.0
6.93984962406	5.0
6.90977443609	5.0
6.87969924812	5.0
6.84962406015	5.0
6.81954887218	5.0
6.78947368421	5.0
6.75939849624	5.0
6.72932330827	5.0
6.6992481203	5.0
6.66917293233	5.0
6.63909774436	5.0
6.60902255639	5.0
6.57894736842	5.0
6.54887218045	5.0
6.51879699248	5.0
6.48872180451	5.0
6.45864661654	5.0
6.42857142857	5.0
6.3984962406	5.0
6.36842105263	5.0
6.33834586466	5.0
6.30827067669	5.0
6.27819548872	5.0
6.24812030075	5.0
6.21804511278	5.0
6.18796992481	5.0
6.15789473684	5.0
6.12781954887	5.0
6.0977443609	5.0
6.06766917293	5.0
6.03759398496	5.0
6.00751879699	5.0
5.97744360902	5.0
5.94736842105	5.0
5.91729323308	5.0
5.88721804511	5.0
5.85714285714	5.0
5.82706766917	5.0
5.7969924812	5.0
5.76691729323	5.0
5.73684210526	5.0
5.70676691729	5.0
5.67669172932	5.0
5.64661654135	5.0
5.61654135338	5.0
5.58646616541	5.0
5.55639097744	5.0
5.52631578947	5.0
5.4962406015	5.0
5.46616541353	5.0
5.43609022556	5.0
5.40601503759	5.0
5.37593984962	5.0
5.34586466165	5.0
5.31578947368	5.0
5.28571428571	5.0
5.25563909774	5.0
5.22556390977	5.0
5.1954887218	5.0
5.16541353383	5.0
5.13533834586	5.0
5.10526315789	5.0
5.07518796992	5.0
5.04511278195	5.0
5.01503759398	5.0
4.98496240602	5.0
4.95488721805	5.0
4.92481203008	5.0
4.89473684211	5.0
4.86466165414	5.0
4.83458646617	5.0
4.8045112782	5.0
4.77443609023	5.0
4.74436090226	5.0
4.71428571429	5.0
4.68421052632	5.0
4.65413533835	5.0
4.62406015038	5.0
4.59398496241	5.0
4.56390977444	5.0
4.53383458647	5.0
4.5037593985	5.0
4.47368421053	5.0
4.44360902256	5.0
4.41353383459	5.0
4.38345864662	5.0
4.35338345865	5.0
4.32330827068	5.0
4.29323308271	5.0
4.26315789474	5.0
4.23308270677	5.0
4.2030075188	5.0
4.17293233083	5.0
4.14285714286	5.0
4.11278195489	5.0
4.08270676692	5.0
4.05263157895	5.0
4.02255639098	5.0
3.99248120301	5.0
3.96240601504	5.0
3.93233082707	5.0
3.9022556391	5.0
3.87218045113	5.0
3.84210526316	5.0
3.81203007519	5.0
3.78195488722	5.0
3.75187969925	5.0
3.72180451128	5.0
3.69172932331	5.0
3.66165413534	5.0
3.63157894737	5.0
3.6015037594	5.0
3.57142857143	5.0
3.54135338346	5.0
3.51127819549	5.0
3.48120300752	5.0
3.45112781955	5.0
3.42105263158	5.0
3.39097744361	5.0
3.36090225564	5.0
3.33082706767	5.0
3.3007518797	5.0
3.27067669173	5.0
3.24060150376	5.0
3.21052631579	5.0
3.18045112782	5.0
3.15037593985	5.0
3.12030075188	5.0
3.09022556391	5.0
3.06015037594	5.0
3.03007518797	5.0
3.0	5.0
3.0	5.0
2.99824623594	4.99134578737
2.99649247187	4.98269157474
2.99473870781	4.9740373621
2.99298494375	4.96538314947
2.99123117969	4.95672893684
2.98947741562	4.94807472421
2.98772365156	4.93942051158
2.9859698875	4.93076629894
2.98421612344	4.92211208631
2.98246235937	4.91345787368
2.98070859531	4.90480366105
2.97895483125	4.89614944842
2.97720106718	4.88749523579
2.97544730312	4.87884102315
2.97369353906	4.87018681052
2.971939775	4.86153259789
2.97018601093	4.85287838526
2.96843224687	4.84422417263
2.96667848281	4.83556995999
2.96492471874	4.82691574736
2.96317095468	4.81826153473
2.96141719062	4.8096073221
2.95966342656	4.80095310947
2.95790966249	4.79229889683
2.95615589843	4.7836446842
2.95440213437	4.77499047157
2.95264837031	4.76633625894
2.95089460624	4.75768204631
2.94914084218	4.74902783367
2.94738707812	4.74037362104
2.94563331405	4.73171940841
2.94387954999	4.72306519578
2.94212578593	4.71441098315
2.94037202187	4.70575677052
2.9386182578	4.69710255788
2.93686449374	4.68844834525
2.93511072968	4.67979413262
2.93335696562	4.67113991999
2.93160320155	4.66248570736
2.92984943749	4.65383149472
2.92809567343	4.64517728209
2.92634190936	4.63652306946
2.9245881453	4.62786885683
2.92283438124	4.6192146442
2.92108061718	4.61056043156
2.91932685311	4.60190621893
2.91757308905	4.5932520063
2.91581932499	4.58459779367
2.91406556092	4.57594358104
2.91231179686	4.5672893684
2.9105580328	4.55863515577
2.90880426874	4.54998094314
2.90705050467	4.54132673051
2.90529674061	4.53267251788
2.90354297655	4.52401830525
2.90178921249	4.51536409261
2.90003544842	4.50670987998
2.89828168436	4.49805566735
2.8965279203	4.48940145472
2.89477415623	4.48074724209
2.89302039217	4.47209302945
2.89126662811	4.46343881682
2.88951286405	4.45478460419
2.88775909998	4.44613039156
2.88600533592	4.43747617893
2.88425157186	4.42882196629
2.8824978078	4.42016775366
2.88074404373	4.41151354103
2.87899027967	4.4028593284
2.87723651561	4.39420511577
2.87548275154	4.38555090313
2.87372898748	4.3768966905
2.87197522342	4.36824247787
2.87022145936	4.35958826524
2.86846769529	4.35093405261
2.86671393123	4.34227983998
2.86496016717	4.33362562734
2.8632064031	4.32497141471
2.86145263904	4.31631720208
2.85969887498	4.30766298945
2.85794511092	4.29900877682
2.85619134685	4.29035456418
2.85443758279	4.28170035155
2.85268381873	4.27304613892
2.85093005467	4.26439192629
2.8491762906	4.25573771366
2.84742252654	4.24708350102
2.84566876248	4.23842928839
2.84391499841	4.22977507576
2.84216123435	4.22112086313
2.84040747029	4.2124666505
2.83865370623	4.20381243786
2.83689994216	4.19515822523
2.8351461781	4.1865040126
2.83339241404	4.17784979997
2.83163864998	4.16919558734
2.82988488591	4.16054137471
2.82813112185	4.15188716207
2.82637735779	4.14323294944
2.82462359372	4.13457873681
2.82286982966	4.12592452418
2.8211160656	4.11727031155
2.81936230154	4.10861609891
2.81760853747	4.09996188628
2.81585477341	4.09130767365
2.81410100935	4.08265346102
2.81234724529	4.07399924839
2.81059348122	4.06534503575
2.80883971716	4.05669082312
2.8070859531	4.04803661049
2.80533218903	4.03938239786
2.80357842497	4.03072818523
2.80182466091	4.02207397259
2.80007089685	4.01341975996
2.79831713278	4.00476554733
2.79656336872	3.9961113347
2.79480960466	3.98745712207
2.79305584059	3.97880290944
2.79130207653	3.9701486968
2.78954831247	3.96149448417
2.78779454841	3.95284027154
2.78604078434	3.94418605891
2.78428702028	3.93553184628
2.78253325622	3.92687763364
2.78077949216	3.91822342101
2.77902572809	3.90956920838
2.77727196403	3.90091499575
2.77551819997	3.89226078312
2.7737644359	3.88360657048
2.77201067184	3.87495235785
2.77025690778	3.86629814522
2.76850314372	3.85764393259
2.76674937965	3.84898971996
2.76499561559	3.84033550732
2.76324185153	3.83168129469
2.76148808747	3.82302708206
2.7597343234	3.81437286943
2.75798055934	3.8057186568
2.75622679528	3.79706444417
2.75447303121	3.78841023153
2.75271926715	3.7797560189
2.75096550309	3.77110180627
2.74921173903	3.76244759364
2.74745797496	3.75379338101
2.7457042109	3.74513916837
2.74395044684	3.73648495574
2.74219668277	3.72783074311
2.74044291871	3.71917653048
2.73868915465	3.71052231785
2.73693539059	3.70186810521
2.73518162652	3.69321389258
2.73342786246	3.68455967995
2.7316740984	3.67590546732
2.72992033434	3.66725125469
2.72816657027	3.65859704205
2.72641280621	3.64994282942
2.72465904215	3.64128861679
2.72290527808	3.63263440416
2.72115151402	3.62398019153
2.71939774996	3.6153259789
2.7176439859	3.60667176626
2.71589022183	3.59801755363
2.71413645777	3.589363341
2.71238269371	3.58070912837
2.71062892965	3.57205491574
2.70887516558	3.5634007031
2.70712140152	3.55474649047
2.70536763746	3.54609227784
2.70361387339	3.53743806521
2.70186010933	3.52878385258
2.70010634527	3.52012963994
2.69835258121	3.51147542731
2.69659881714	3.50282121468
2.69484505308	3.49416700205
2.69309128902	3.48551278942
2.69133752495	3.47685857678
2.68958376089	3.46820436415
2.68782999683	3.45955015152
2.68607623277	3.45089593889
2.6843224687	3.44224172626
2.68256870464	3.43358751363
2.68081494058	3.42493330099
2.67906117652	3.41627908836
2.67730741245	3.40762487573
2.67555364839	3.3989706631
2.67379988433	3.39031645047
2.67204612026	3.38166223783
2.6702923562	3.3730080252
2.66853859214	3.36435381257
2.66678482808	3.35569959994
2.66503106401	3.34704538731
2.66327729995	3.33839117467
2.66152353589	3.32973696204
2.65976977183	3.32108274941
2.65801600776	3.31242853678
2.6562622437	3.30377432415
2.65450847964	3.29512011151
2.65275471557	3.28646589888
2.65100095151	3.27781168625
2.64924718745	3.26915747362
2.64749342339	3.26050326099
2.64573965932	3.25184904836
2.64398589526	3.24319483572
2.6422321312	3.23454062309
2.64047836713	3.22588641046
2.63872460307	3.21723219783
2.63697083901	3.2085779852
2.63521707495	3.19992377256
2.63346331088	3.19126955993
2.63170954682	3.1826153473
2.62995578276	3.17396113467
2.6282020187	3.16530692204
2.62644825463	3.1566527094
2.62469449057	3.14799849677
2.62294072651	3.13934428414
2.62118696244	3.13069007151
2.61943319838	3.12203585888
2.61767943432	3.11338164624
2.61592567026	3.10472743361
2.61417190619	3.09607322098
2.61241814213	3.08741900835
2.61066437807	3.07876479572
2.60891061401	3.07011058309
2.60715684994	3.06145637045
2.60540308588	3.05280215782
2.60364932182	3.04414794519
2.60189555775	3.03549373256
2.60014179369	3.02683951993
2.59838802963	3.01818530729
2.59663426557	3.00953109466
2.5948805015	3.00087688203
2.59312673744	2.9922226694
2.59137297338	2.98356845677
2.58961920931	2.97491424413
2.58786544525	2.9662600315
2.58611168119	2.95760581887
2.58435791713	2.94895160624
2.58260415306	2.94029739361
2.580850389	2.93164318097
2.57909662494	2.92298896834
2.57734286088	2.91433475571
2.57558909681	2.90568054308
2.57383533275	2.89702633045
2.57208156869	2.88837211782
2.57032780462	2.87971790518
2.56857404056	2.87106369255
2.5668202765	2.86240947992
2.56506651244	2.85375526729
2.56331274837	2.84510105466
2.56155898431	2.83644684202
2.55980522025	2.82779262939
2.55805145619	2.81913841676
2.55629769212	2.81048420413
2.55454392806	2.8018299915
2.552790164	2.79317577886
2.55103639993	2.78452156623
2.54928263587	2.7758673536
2.54752887181	2.76721314097
2.54577510775	2.75855892834
2.54402134368	2.7499047157
2.54226757962	2.74125050307
2.54051381556	2.73259629044
2.53876005149	2.72394207781
2.53700628743	2.71528786518
2.53525252337	2.70663365255
2.53349875931	2.69797943991
2.53174499524	2.68932522728
2.52999123118	2.68067101465
2.52823746712	2.67201680202
2.52648370306	2.66336258939
2.52472993899	2.65470837675
2.52297617493	2.64605416412
2.52122241087	2.63739995149
2.5194686468	2.62874573886
2.51771488274	2.62009152623
2.51596111868	2.61143731359
2.51420735462	2.60278310096
2.51245359055	2.59412888833
2.51069982649	2.5854746757
2.50894606243	2.57682046307
2.50719229837	2.56816625043
2.5054385343	2.5595120378
2.50368477024	2.55085782517
2.50193100618	2.54220361254
2.50017724211	2.53354939991
2.49842347805	2.52489518728
2.49666971399	2.51624097464
2.49491594993	2.50758676201
2.49316218586	2.49893254938
2.4914084218	2.49027833675
2.48965465774	2.48162412412
2.48790089367	2.47296991148
2.48614712961	2.46431569885
2.48439336555	2.45566148622
2.48263960149	2.44700727359
2.48088583742	2.43835306096
2.47913207336	2.42969884832
2.4773783093	2.42104463569
2.47562454524	2.41239042306
2.47387078117	2.40373621043
2.47211701711	2.3950819978
2.47036325305	2.38642778516
2.46860948898	2.37777357253
2.46685572492	2.3691193599
2.46510196086	2.36046514727
2.4633481968	2.35181093464
2.46159443273	2.34315672201
2.45984066867	2.33450250937
2.45808690461	2.32584829674
2.45633314055	2.31719408411
2.45457937648	2.30853987148
2.45282561242	2.29988565885
2.45107184836	2.29123144621
2.44931808429	2.28257723358
2.44756432023	2.27392302095
2.44581055617	2.26526880832
2.44405679211	2.25661459569
2.44230302804	2.24796038305
2.44054926398	2.23930617042
2.43879549992	2.23065195779
2.43704173586	2.22199774516
2.43528797179	2.21334353253
2.43353420773	2.20468931989
2.43178044367	2.19603510726
2.4300266796	2.18738089463
2.42827291554	2.178726682
2.42651915148	2.17007246937
2.42476538742	2.16141825674
2.42301162335	2.1527640441
2.42125785929	2.14410983147
2.41950409523	2.13545561884
2.41775033116	2.12680140621
2.4159965671	2.11814719358
2.41424280304	2.10949298094
2.41248903898	2.10083876831
2.41073527491	2.09218455568
2.40898151085	2.08353034305
2.40722774679	2.07487613042
2.40547398273	2.06622191778
2.40372021866	2.05756770515
2.4019664546	2.04891349252
2.40021269054	2.04025927989
2.39845892647	2.03160506726
2.39670516241	2.02295085462
2.39495139835	2.01429664199
2.39319763429	2.00564242936
2.39144387022	1.99698821673
2.38969010616	1.9883340041
2.3879363421	1.97967979147
2.38618257804	1.97102557883
2.38442881397	1.9623713662
2.38267504991	1.95371715357
2.38092128585	1.94506294094
2.37916752178	1.93640872831
2.37741375772	1.92775451567
2.37565999366	1.91910030304
2.3739062296	1.91044609041
2.37215246553	1.90179187778
2.37039870147	1.89313766515
2.36864493741	1.88448345251
2.36689117334	1.87582923988
2.36513740928	1.86717502725
2.36338364522	1.85852081462
2.36162988116	1.84986660199
2.35987611709	1.84121238935
2.35812235303	1.83255817672
2.35636858897	1.82390396409
2.35461482491	1.81524975146
2.35286106084	1.80659553883
2.35110729678	1.7979413262
2.34935353272	1.78928711356
2.34759976865	1.78063290093
2.34584600459	1.7719786883
2.34409224053	1.76332447567
2.34233847647	1.75467026304
2.3405847124	1.7460160504
2.33883094834	1.73736183777
2.33707718428	1.72870762514
2.33532342022	1.72005341251
2.33356965615	1.71139919988
2.33181589209	1.70274498724
2.33006212803	1.69409077461
2.32830836396	1.68543656198
2.3265545999	1.67678234935
2.32480083584	1.66812813672
2.32304707178	1.65947392408
2.32129330771	1.65081971145
2.31953954365	1.64216549882
2.31778577959	1.63351128619
2.31603201552	1.62485707356
2.31427825146	1.61620286093
2.3125244874	1.60754864829
2.31077072334	1.59889443566
2.30901695927	1.59024022303
2.30726319521	1.5815860104
2.30550943115	1.57293179777
2.30375566709	1.56427758513
2.30200190302	1.5556233725
2.30024813896	1.54696915987
