4.0;3.0 6.0;3.0
0.0;6.0 0.0;10.0 1.0;10.0 3.0;10.0 4.0;10.0 4.0;13.0 4.0;15.0 4.0;17.0 6.0;17.0 6.0;14.0 6.0;12.0 6.0;10.0 8.0;10.0 10.0;10.0 12.0;10.0 15.0;10.0 15.0;9.0 15.0;7.0 15.0;6.0 6.0;6.0 6.0;4.0 6.0;2.0 6.0;0.0 4.0;0.0 4.0;2.0 4.0;4.0 4.0;6.0 0.0;6.0 0.0;6.0
0.483565426107;6.13115916342 0.483565426107;6.73115916342 2.68356542611;6.73115916342 2.68356542611;6.13115916342 0.483565426107;6.13115916342
6.44363002177;6.09571074087 6.44363002177;6.69571074087 8.64363002177;6.69571074087 8.64363002177;6.09571074087 6.44363002177;6.09571074087
11.7828545554;6.23750443105 11.7828545554;6.83750443105 13.9828545554;6.83750443105 13.9828545554;6.23750443105 11.7828545554;6.23750443105
12.4036946174;9.21517192485 12.4036946174;9.81517192485 14.6036946174;9.81517192485 14.6036946174;9.21517192485 12.4036946174;9.21517192485
8.84421159503;9.25062034739 8.84421159503;9.85062034739 9.44421159503;9.85062034739 9.44421159503;9.25062034739 8.84421159503;9.25062034739
6.77474472153;7.83268344559 6.77474472153;8.43268344559 7.37474472153;8.43268344559 7.37474472153;7.83268344559 6.77474472153;7.83268344559
3.67054441129;7.01736972705 3.67054441129;7.61736972705 4.27054441129;7.61736972705 4.27054441129;7.01736972705 3.67054441129;7.01736972705
3.33942971153;9.28606876994 3.33942971153;9.88606876994 3.93942971153;9.88606876994 3.93942971153;9.28606876994 3.33942971153;9.28606876994
