12.0;13.0 27.2289573248;1.09027297506
12.0;10.0 24.0;10.0 24.0;7.0 20.0;7.0 20.0;6.0 24.0;6.0 24.0;3.0 22.0;3.0 22.0;0.0 30.0;0.0 30.0;17.0 12.0;17.0 12.0;14.0 12.0;12.0 12.0;10.0 12.0;10.0
17.825697826;15.6667848281 17.4646088121;15.1876035221 15.70761069;16.511596573 16.0686997039;16.990777879 17.825697826;15.6667848281
27.3038561066;12.4409783765 26.9427670927;11.9617970704 25.1857689706;13.2857901214 25.5468579845;13.7649714274 27.3038561066;12.4409783765
24.4066024837;0.67210209146 24.0455134698;0.19292078543 22.2885153477;1.51691383636 22.6496043616;1.99609514239 24.4066024837;0.67210209146
14.3076041411;16.1985111663 14.8272193833;16.4985111663 15.9272193833;14.5932552779 15.4076041411;14.2932552779 14.3076041411;16.1985111663
27.3038561066;14.5324353066 27.8234713489;14.8324353066 28.9234713489;12.9271794183 28.4038561066;12.6271794183 27.3038561066;14.5324353066
25.2757785706;6.16660758596 25.7953938129;6.46660758596 26.8953938129;4.56135169764 26.3757785706;4.26135169764 25.2757785706;6.16660758596
20.6401727739;14.7451258419 20.9821929173;13.8054332211 18.1631150549;12.7793727911 17.8210949116;13.7190654119 20.6401727739;14.7451258419
26.5588480321;15.4895427153 26.9008681755;14.5498500946 24.0817903131;13.5237896646 23.7397701698;14.4634822854 26.5588480321;15.4895427153
27.7177494813;8.71889400922 28.0597696246;7.77920138843 25.2406917623;6.75314095845 24.8986716189;7.69283357924 27.7177494813;8.71889400922
21.964631573;13.0790499823 21.8398845585;13.6659385427 22.4267731189;13.7906855572 22.5515201334;13.2037969968 21.964631573;13.0790499823
14.1834361286;10.4558667139 14.0586891142;11.0427552744 14.6455776746;11.1675022889 14.7703246891;10.5806137284 14.1834361286;10.4558667139
24.075487784;10.1013824885 23.9507407695;10.6882710489 24.5376293299;10.8130180634 24.6623763444;10.226129503 24.075487784;10.1013824885
25.4827252579;1.8064516129 25.2103309581;2.34105552742 25.7449348726;2.61344982726 26.0173291724;2.07884591275 25.4827252579;1.8064516129
28.2972002059;2.76355902162 28.024805906;3.29816293614 28.5594098206;3.57055723598 28.8318041204;3.03595332147 28.2972002059;2.76355902162
24.4066024837;7.65544133286 24.1342081839;8.19004524737 24.6688120984;8.46243954722 24.9412063982;7.9278356327 24.4066024837;7.65544133286
