3.0;5.0 13.0;13.0
0.0;5.0 2.0;5.0 4.0;5.0 8.0;5.0 10.0;5.0 14.0;5.0 16.0;5.0 18.0;5.0 18.0;10.0 16.0;10.0 14.0;10.0 12.0;10.0 12.0;12.0 12.0;14.0 12.0;16.0 5.0;16.0 0.0;11.0 0.0;5.0 0.0;5.0
5.17157036512;10.1875221553 4.74895210338;11.0938299423 7.46787546449;12.3616847275 7.89049372623;11.4553769405 5.17157036512;10.1875221553
4.42715349167;5.2158808933 4.42715349167;5.8158808933 6.62715349167;5.8158808933 6.62715349167;5.2158808933 4.42715349167;5.2158808933
10.5685926976;5.2158808933 10.5685926976;5.8158808933 12.7685926976;5.8158808933 12.7685926976;5.2158808933 10.5685926976;5.2158808933
8.68096419709;14.9996455158 8.68096419709;15.5996455158 10.8809641971;15.5996455158 10.8809641971;14.9996455158 8.68096419709;14.9996455158
4.95887982985;13.9361928394 4.95887982985;14.5361928394 7.15887982985;14.5361928394 7.15887982985;13.9361928394 4.95887982985;13.9361928394
0.891173342786;9.65579581709 0.891173342786;10.2557958171 3.09117334279;10.2557958171 3.09117334279;9.65579581709 0.891173342786;9.65579581709
0.891173342786;8.35306628855 0.891173342786;8.95306628855 3.09117334279;8.95306628855 3.09117334279;8.35306628855 0.891173342786;8.35306628855
7.98971995746;7.68840836583 7.98971995746;8.28840836583 10.1897199575;8.28840836583 10.1897199575;7.68840836583 7.98971995746;7.68840836583
9.77100319036;9.86848635236 9.22287591577;10.1125283382 9.46691790162;10.6606556128 10.0150451762;10.4166136269 9.77100319036;9.86848635236
4.95887982985;8.93796526055 4.41075255526;9.18200724639 4.65479454111;9.73013452098 5.20292181569;9.48609253513 4.95887982985;8.93796526055
6.74016306274;6.7047146402 6.19203578816;6.94875662604 6.436077774;7.49688390063 6.98420504859;7.25284191478 6.74016306274;6.7047146402
0.784828075151;6.33250620347 0.236700800565;6.57654818932 0.480742786411;7.1246754639 1.028870061;6.88063347806 0.784828075151;6.33250620347
16.5505140021;6.9971641262 16.0416851444;6.67921256766 14.8758627631;8.5449183792 15.3846916208;8.86286993774 16.5505140021;6.9971641262
12.3232896136;7.6086494151 11.8144607559;7.29069785656 10.6486383746;9.15640366811 11.1574672323;9.47435522665 12.3232896136;7.6086494151
10.6217653314;11.5965969514 10.1129364737;11.2786453929 8.94711409244;13.1443512044 9.45594295013;13.462302763 10.6217653314;11.5965969514
